0 0.9537037037037037 0.1111111111111111 0.9652777777777778 0.11342592592592593 0.9606481481481481 0.12268518518518519 0.9537037037037037 0.12268518518518519 0.9537037037037037 0.11805555555555555 0.9513888888888888 0.11574074074074074 0.9537037037037037 0.11342592592592593
0 0.11342592592592593 0.5 0.12037037037037036 0.5 0.12268518518518519 0.5023148148148148 0.12268518518518519 0.5069444444444444 0.12037037037037036 0.5092592592592593 0.11574074074074074 0.5092592592592593 0.11342592592592593 0.5069444444444444 0.11342592592592593 0.5023148148148148
0 0.8796296296296297 0.7453703703703703 0.8819444444444444 0.7407407407407407 0.8865740740740741 0.7384259259259259 0.8912037037037037 0.7430555555555556 0.8912037037037037 0.75 0.8842592592592593 0.75 0.8819444444444444 0.7476851851851852
0 0.04398148148148148 0.2916666666666667 0.05092592592592592 0.2962962962962963 0.04861111111111111 0.30092592592592593 0.04398148148148148 0.2986111111111111 0.04398148148148148 0.29398148148148145
0 0.6041666666666666 0.9652777777777778 0.6064814814814815 0.9722222222222222 0.5995370370370371 0.9768518518518519 0.5949074074074074 0.9768518518518519 0.5949074074074074 0.9652777777777778 0.5972222222222222 0.9629629629629629 0.6018518518518519 0.9652777777777778
0 0.13657407407407407 0.9074074074074074 0.14814814814814814 0.9050925925925926 0.1550925925925926 0.9143518518518519 0.1550925925925926 0.9189814814814815 0.14814814814814814 0.9189814814814815 0.1412037037037037 0.9259259259259259 0.13425925925925927 0.9166666666666666 0.13425925925925927 0.9120370370370371 0.13657407407407407 0.9097222222222222
0 0.6689814814814815 0.3819444444444444 0.6782407407407407 0.37962962962962965 0.6851851851851852 0.3888888888888889 0.6851851851851852 0.39351851851851855 0.6782407407407407 0.40046296296296297 0.6712962962962963 0.40046296296296297 0.6643518518518519 0.3912037037037037 0.6689814814814815 0.38425925925925924
0 0.9224537037037037 0.8125 0.006944444444444444 0.009259259259259259
0 0.6689814814814815 0.42824074074074076 0.6736111111111112 0.4305555555555556 0.6736111111111112 0.44212962962962965 0.6666666666666666 0.44212962962962965 0.6643518518518519 0.4398148148148148 0.6643518518518519 0.43287037037037035 0.6666666666666666 0.4305555555555556
0 0.8587962962962963 0.6643518518518519 0.8611111111111112 0.6666666666666666 0.8611111111111112 0.6712962962962963 0.8518518518518519 0.6736111111111112 0.8518518518518519 0.6689814814814815 0.8564814814814815 0.6666666666666666
0 0.9351851851851852 0.046296296296296294 0.9398148148148148 0.05324074074074074 0.9375 0.05555555555555555 0.9328703703703703 0.05555555555555555 0.9328703703703703 0.04861111111111111
0 0.7407407407407407 0.7268518518518519 0.7476851851851852 0.7268518518518519 0.7476851851851852 0.7361111111111112 0.7430555555555556 0.7361111111111112 0.7407407407407407 0.7337962962962963 0.7407407407407407 0.7291666666666666
0 0.6087962962962963 0.41203703703703703 0.009259259259259259 0.013888888888888888
0 0.6504629629629629 0.7222222222222222 0.6550925925925926 0.7222222222222222 0.6620370370370371 0.7268518518518519 0.6550925925925926 0.7337962962962963 0.6504629629629629 0.7337962962962963 0.6458333333333334 0.7291666666666666 0.6504629629629629 0.7245370370370371
0 0.6597222222222222 0.5196759259259259 0.018518518518518517 0.020833333333333332
0 0.5532407407407407 0.19444444444444445 0.5601851851851852 0.18981481481481483 0.5671296296296297 0.18981481481481483 0.5694444444444444 0.19444444444444445 0.5694444444444444 0.2037037037037037 0.5671296296296297 0.20601851851851852 0.5555555555555556 0.20601851851851852 0.5532407407407407 0.2037037037037037 0.5532407407407407 0.19675925925925927
0 0.7337962962962963 0.6064814814814815 0.7407407407407407 0.6064814814814815 0.7430555555555556 0.6087962962962963 0.7430555555555556 0.6157407407407407 0.7407407407407407 0.6180555555555556 0.7337962962962963 0.6157407407407407 0.7337962962962963 0.6087962962962963
0 0.6620370370370371 0.24305555555555555 0.6643518518518519 0.24537037037037038 0.6643518518518519 0.2523148148148148 0.6574074074074074 0.2523148148148148 0.6550925925925926 0.25 0.6550925925925926 0.24537037037037038 0.6597222222222222 0.24305555555555555
0 0.7905092592592593 0.18981481481481483 0.006944444444444444 0.009259259259259259
0 0.28935185185185186 0.4895833333333333 0.013888888888888888 0.011574074074074073