0 0.8668981481481481 0.8483796296296297 0.006944444444444444 0.006944444444444444
0 0.8981481481481481 0.6319444444444444 0.8981481481481481 0.6388888888888888 0.8935185185185185 0.6388888888888888 0.8912037037037037 0.6365740740740741 0.8912037037037037 0.6342592592592593 0.8958333333333334 0.6319444444444444
0 0.48726851851851855 0.5960648148148148 0.016203703703703703 0.016203703703703703
0 0.6180555555555556 0.5243055555555556 0.009259259259259259 0.006944444444444444
0 0.6585648148148148 0.8020833333333334 0.006944444444444444 0.006944444444444444
0 0.38657407407407407 0.5659722222222222 0.009259259259259259 0.006944444444444444
0 0.12384259259259259 0.4710648148148148 0.006944444444444444 0.006944444444444444
0 0.09722222222222222 0.5208333333333334 0.009259259259259259 0.009259259259259259
0 0.5543981481481481 0.1875 0.006944444444444444 0.009259259259259259
0 0.7418981481481481 0.5034722222222222 0.006944444444444444 0.006944444444444444
0 0.7210648148148148 0.4791666666666667 0.006944444444444444 0.004629629629629629