0 0.7905092592592593 0.5451388888888888 0.006944444444444444 0.011574074074074073
0 0.35648148148148145 0.6064814814814815 0.3587962962962963 0.6087962962962963 0.35648148148148145 0.6180555555555556 0.3449074074074074 0.6180555555555556 0.3425925925925926 0.6157407407407407 0.3425925925925926 0.6111111111111112 0.3472222222222222 0.6064814814814815 0.3541666666666667 0.6064814814814815
0 0.12037037037037036 0.8263888888888888 0.12731481481481483 0.8263888888888888 0.12962962962962962 0.8310185185185185 0.12731481481481483 0.8356481481481481 0.12268518518518519 0.8356481481481481 0.12037037037037036 0.8333333333333334 0.12037037037037036 0.8287037037037037
0 0.19212962962962962 0.8842592592592593 0.19444444444444445 0.8888888888888888 0.19212962962962962 0.8935185185185185 0.1875 0.8935185185185185 0.18518518518518517 0.8912037037037037 0.18518518518518517 0.8865740740740741 0.18981481481481483 0.8842592592592593
0 0.2361111111111111 0.1712962962962963 0.013888888888888888 0.013888888888888888
0 0.7129629629629629 0.45601851851851855 0.7152777777777778 0.4583333333333333 0.7152777777777778 0.4652777777777778 0.7083333333333334 0.4699074074074074 0.7013888888888888 0.4699074074074074 0.7013888888888888 0.46296296296296297 0.7106481481481481 0.4583333333333333
0 0.14814814814814814 0.4895833333333333 0.009259259259259259 0.011574074074074073
0 0.9375 0.37037037037037035 0.9375 0.3773148148148148 0.9305555555555556 0.3773148148148148 0.9305555555555556 0.3726851851851852 0.9351851851851852 0.37037037037037035
0 0.5254629629629629 0.2708333333333333 0.5254629629629629 0.2777777777777778 0.5231481481481481 0.2800925925925926 0.5185185185185185 0.2777777777777778 0.5185185185185185 0.27314814814814814 0.5231481481481481 0.2708333333333333
0 0.7268518518518519 0.041666666666666664 0.7291666666666666 0.04398148148148148 0.7291666666666666 0.05092592592592592 0.7245370370370371 0.05555555555555555 0.7199074074074074 0.05324074074074074 0.7199074074074074 0.04398148148148148 0.7245370370370371 0.041666666666666664
0 0.9004629629629629 0.3541666666666667 0.9004629629629629 0.3472222222222222 0.9027777777777778 0.3449074074074074 0.9050925925925926 0.3449074074074074 0.9074074074074074 0.34953703703703703 0.9050925925925926 0.3541666666666667 0.9027777777777778 0.3541666666666667
0 0.26851851851851855 0.375 0.009259259259259259 0.009259259259259259