0 0.43287037037037035 0.875 0.009259259259259259 0.009259259259259259
0 0.6909722222222222 0.2488425925925926 0.006944444444444444 0.006944444444444444
0 0.7870370370370371 0.25925925925925924 0.009259259259259259 0.009259259259259259
0 0.9537037037037037 0.7754629629629629 0.9537037037037037 0.7847222222222222 0.9467592592592593 0.7847222222222222 0.9467592592592593 0.7777777777777778 0.9513888888888888 0.7754629629629629
0 0.10648148148148148 0.6770833333333334 0.009259259259259259 0.006944444444444444
0 0.1527777777777778 0.7453703703703703 0.1597222222222222 0.7453703703703703 0.16203703703703703 0.75 0.1597222222222222 0.7523148148148148 0.1550925925925926 0.7523148148148148 0.1527777777777778 0.7476851851851852
0 0.3854166666666667 0.25578703703703703 0.006944444444444444 0.006944444444444444
0 0.4363425925925926 0.21180555555555555 0.006944444444444444 0.006944444444444444
0 0.6273148148148148 0 0.6296296296296297 0.004629629629629629 0.6296296296296297 0.011574074074074073 0.6273148148148148 0.013888888888888888 0.6203703703703703 0.013888888888888888 0.6157407407407407 0.009259259259259259 0.6157407407407407 0.0023148148148148147 0.6180555555555556 0 0.625 0
0 0.2337962962962963 0.5185185185185185 0.24074074074074073 0.5185185185185185 0.24305555555555555 0.5231481481481481 0.24074074074074073 0.5254629629629629 0.2337962962962963 0.5254629629629629 0.2337962962962963 0.5208333333333334
0 0.9409722222222222 0.6400462962962963 0.006944444444444444 0.006944444444444444
0 0.8252314814814815 0.5243055555555556 0.006944444444444444 0.006944444444444444
0 0.75 0.14351851851851852 0.009259259259259259 0.009259259259259259