0 0.19328703703703703 0.7557870370370371 0.006944444444444444 0.006944444444444444
0 0.29282407407407407 0.9178240740740741 0.006944444444444444 0.006944444444444444
0 0.6898148148148148 0.8807870370370371 0.009259259259259259 0.011574074074074073
0 0.46064814814814814 0.45949074074074076 0.004629629629629629 0.006944444444444444
0 0.125 0.5972222222222222 0.009259259259259259 0.009259259259259259
0 0.2569444444444444 0.7199074074074074 0.009259259259259259 0.009259259259259259
0 0.9039351851851852 0.6736111111111112 0.006944444444444444 0.009259259259259259
0 0.2349537037037037 0.5046296296296297 0.006944444444444444 0.009259259259259259
0 0.17592592592592593 0.30092592592592593 0.004629629629629629 0.009259259259259259
0 0.12268518518518519 0.9791666666666666 0.12268518518518519 0.9861111111111112 0.11574074074074074 0.9861111111111112 0.11574074074074074 0.9814814814814815 0.12037037037037036 0.9791666666666666
0 0.2337962962962963 0.0763888888888889 0.24074074074074073 0.07407407407407407 0.24074074074074073 0.08101851851851852 0.2337962962962963 0.08101851851851852 0.2337962962962963 0.0787037037037037
0 0.5717592592592593 0.05787037037037037 0.5787037037037037 0.05787037037037037 0.5740740740740741 0.06481481481481481 0.5717592592592593 0.06481481481481481 0.5717592592592593 0.06018518518518518
0 0.20949074074074073 0.5219907407407407 0.006944444444444444 0.011574074074074073