0 0.024305555555555556 0.08796296296296297 0.006944444444444444 0.009259259259259259
0 0.17592592592592593 0.3541666666666667 0.18287037037037038 0.3587962962962963 0.18055555555555555 0.36342592592592593 0.17592592592592593 0.36342592592592593 0.1736111111111111 0.3587962962962963 0.17592592592592593 0.35648148148148145
0 0.9629629629629629 0.8263888888888888 0.9699074074074074 0.8263888888888888 0.9699074074074074 0.8333333333333334 0.9675925925925926 0.8356481481481481 0.9606481481481481 0.8310185185185185 0.9629629629629629 0.8287037037037037
0 0.5659722222222222 0.7534722222222222 0.006944444444444444 0.006944444444444444
0 0.3425925925925926 0.4837962962962963 0.009259259259259259 0.009259259259259259
0 0.6053240740740741 0.03125 0.006944444444444444 0.006944444444444444
0 0.22685185185185186 0.12962962962962962 0.22916666666666666 0.13194444444444445 0.22916666666666666 0.13657407407407407 0.22453703703703703 0.1412037037037037 0.2199074074074074 0.13657407407407407 0.2199074074074074 0.13194444444444445 0.22453703703703703 0.12962962962962962
0 0.45949074074074076 0.12152777777777778 0.006944444444444444 0.006944444444444444
0 0.8935185185185185 0.7754629629629629 0.9004629629629629 0.7800925925925926 0.8981481481481481 0.7870370370370371 0.8958333333333334 0.7870370370370371 0.8912037037037037 0.7800925925925926 0.8935185185185185 0.7777777777777778
0 0.59375 0.5625 0.006944444444444444 0.009259259259259259
0 0.5833333333333334 0.2569444444444444 0.5856481481481481 0.26157407407407407 0.5833333333333334 0.2638888888888889 0.5787037037037037 0.2638888888888889 0.5763888888888888 0.26157407407407407 0.5763888888888888 0.25925925925925924 0.5810185185185185 0.2569444444444444
0 0.8020833333333334 0.7199074074074074 0.011574074074074073 0.009259259259259259
0 0.2534722222222222 0.9143518518518519 0.006944444444444444 0.009259259259259259
0 0.33449074074074076 0.6712962962962963 0.006944444444444444 0.009259259259259259