0 0.43287037037037035 0.7199074074074074 0.4398148148148148 0.7199074074074074 0.44212962962962965 0.7245370370370371 0.4375 0.7245370370370371 0.4351851851851852 0.7268518518518519 0.43287037037037035 0.7222222222222222
0 0.3449074074074074 0.9097222222222222 0.34953703703703703 0.9097222222222222 0.3541666666666667 0.9143518518518519 0.34953703703703703 0.9189814814814815 0.3449074074074074 0.9166666666666666 0.3449074074074074 0.9120370370370371
0 0.013888888888888888 0.5740740740740741 0.023148148148148147 0.5763888888888888 0.023148148148148147 0.5810185185185185 0.013888888888888888 0.5810185185185185 0.013888888888888888 0.5763888888888888
0 0.8611111111111112 0.7662037037037037 0.8634259259259259 0.7685185185185185 0.8634259259259259 0.7731481481481481 0.8587962962962963 0.7754629629629629 0.8541666666666666 0.7731481481481481 0.8541666666666666 0.7685185185185185 0.8587962962962963 0.7662037037037037
0 0.12268518518518519 0.8344907407407407 0.009259259259259259 0.006944444444444444
0 0.47685185185185186 0.2800925925925926 0.48148148148148145 0.2824074074074074 0.4837962962962963 0.28703703703703703 0.4791666666666667 0.28935185185185186 0.47685185185185186 0.28703703703703703 0.47685185185185186 0.2824074074074074
0 0.3888888888888889 0.4097222222222222 0.38657407407407407 0.4050925925925926 0.38657407407407407 0.40046296296296297 0.3888888888888889 0.39814814814814814 0.39351851851851855 0.40046296296296297 0.3912037037037037 0.4097222222222222
0 0.4976851851851852 0.041666666666666664 0.009259259259259259 0.009259259259259259
0 0.16203703703703703 0.1597222222222222 0.16435185185185186 0.16203703703703703 0.16435185185185186 0.16898148148148148 0.16203703703703703 0.1712962962962963 0.1550925925925926 0.16666666666666666 0.1550925925925926 0.16203703703703703 0.1597222222222222 0.1597222222222222
0 0.6435185185185185 0.7673611111111112 0.009259259259259259 0.006944444444444444
0 0.4131944444444444 0.2824074074074074 0.006944444444444444 0.009259259259259259
0 0.9444444444444444 0.7453703703703703 0.9537037037037037 0.7407407407407407 0.9537037037037037 0.7453703703703703 0.9490740740740741 0.75 0.9444444444444444 0.7476851851851852
0 0.39351851851851855 0.37037037037037035 0.009259259259259259 0.009259259259259259
0 0.0787037037037037 0.041666666666666664 0.0763888888888889 0.037037037037037035 0.0787037037037037 0.032407407407407406 0.08333333333333333 0.034722222222222224 0.08333333333333333 0.03935185185185185 0.08101851851851852 0.041666666666666664
0 0.6111111111111112 0.21064814814814814 0.6134259259259259 0.20601851851851852 0.6180555555555556 0.2037037037037037 0.6203703703703703 0.21064814814814814 0.6180555555555556 0.2152777777777778 0.6134259259259259 0.2152777777777778 0.6134259259259259 0.21296296296296297
0 0.6712962962962963 0.9745370370370371 0.6712962962962963 0.9699074074074074 0.6736111111111112 0.9675925925925926 0.6805555555555556 0.9722222222222222 0.6805555555555556 0.9745370370370371 0.6759259259259259 0.9768518518518519 0.6736111111111112 0.9745370370370371
0 0.7476851851851852 0.10185185185185185 0.7523148148148148 0.10185185185185185 0.7523148148148148 0.1087962962962963 0.75 0.1111111111111111 0.7476851851851852 0.1087962962962963 0.7476851851851852 0.10416666666666667