0 0.12268518518518519 0.29050925925925924 0.009259259259259259 0.011574074074074073
0 0.9768518518518519 0 0.9814814814814815 0 0.9861111111111112 0.006944444444444444 0.9837962962962963 0.011574074074074073 0.9768518518518519 0.011574074074074073 0.9745370370370371 0.006944444444444444 0.9768518518518519 0.0023148148148148147
0 0.5763888888888888 0.3958333333333333 0.5810185185185185 0.39814814814814814 0.5810185185185185 0.4050925925925926 0.5740740740740741 0.40046296296296297 0.5763888888888888 0.39814814814814814
0 0.8564814814814815 0.7430555555555556 0.8564814814814815 0.7407407407407407 0.8634259259259259 0.7361111111111112 0.8657407407407407 0.7361111111111112 0.8680555555555556 0.7407407407407407 0.8634259259259259 0.7453703703703703 0.8587962962962963 0.7430555555555556
0 0.07175925925925926 0.7106481481481481 0.0787037037037037 0.7106481481481481 0.08101851851851852 0.7129629629629629 0.08101851851851852 0.7175925925925926 0.0763888888888889 0.7199074074074074 0.07175925925925926 0.7175925925925926 0.07175925925925926 0.7129629629629629
0 0.8495370370370371 0.5717592592592593 0.009259259259259259 0.009259259259259259
0 0 0.8125 0.009259259259259259 0.8148148148148148 0.011574074074074073 0.8194444444444444 0.011574074074074073 0.8287037037037037 0.006944444444444444 0.8333333333333334 0 0.8333333333333334 0 0.8148148148148148
0 0.4097222222222222 0.47685185185185186 0.41203703703703703 0.4791666666666667 0.41203703703703703 0.4837962962962963 0.4097222222222222 0.4861111111111111 0.4027777777777778 0.48148148148148145 0.4027777777777778 0.4791666666666667 0.4074074074074074 0.47685185185185186
0 0.7569444444444444 0.5069444444444444 0.7615740740740741 0.5092592592592593 0.7638888888888888 0.5138888888888888 0.7638888888888888 0.5231481481481481 0.75 0.5231481481481481 0.7476851851851852 0.5208333333333334 0.7476851851851852 0.5115740740740741 0.7546296296296297 0.5069444444444444
0 0.6412037037037037 0.5509259259259259 0.013888888888888888 0.013888888888888888
0 0.41203703703703703 0.019675925925925927 0.009259259259259259 0.011574074074074073
0 0.5810185185185185 0.9560185185185185 0.009259259259259259 0.009259259259259259
0 0.5856481481481481 0.2777777777777778 0.5856481481481481 0.2847222222222222 0.5879629629629629 0.28703703703703703 0.5856481481481481 0.2916666666666667 0.5787037037037037 0.2916666666666667 0.5763888888888888 0.28935185185185186 0.5763888888888888 0.2824074074074074 0.5833333333333334 0.2777777777777778
0 0.5625 0.12268518518518519 0.5671296296296297 0.12268518518518519 0.5717592592592593 0.12962962962962962 0.5717592592592593 0.13425925925925927 0.5694444444444444 0.13657407407407407 0.5625 0.13657407407407407 0.5601851851851852 0.13194444444444445 0.5601851851851852 0.12731481481481483 0.5625 0.125
0 0.7453703703703703 0.4849537037037037 0.009259259259259259 0.006944444444444444