0 0.8888888888888888 0.21296296296296297 0.009259259259259259 0.009259259259259259
0 0.6018518518518519 0.21064814814814814 0.6087962962962963 0.2152777777777778 0.6087962962962963 0.2199074074074074 0.6041666666666666 0.22453703703703703 0.5995370370370371 0.22453703703703703 0.5949074074074074 0.2175925925925926 0.5949074074074074 0.21296296296296297 0.5995370370370371 0.21064814814814814
0 0.9027777777777778 0.006944444444444444 0.9074074074074074 0.004629629629629629 0.9120370370370371 0.006944444444444444 0.9120370370370371 0.011574074074074073 0.9074074074074074 0.013888888888888888 0.9027777777777778 0.009259259259259259
0 0.8055555555555556 0.08796296296296297 0.8055555555555556 0.08101851851851852 0.8078703703703703 0.0787037037037037 0.8101851851851852 0.0787037037037037 0.8125 0.08333333333333333 0.8125 0.08796296296296297 0.8078703703703703 0.08796296296296297
0 0.8495370370370371 0.5439814814814815 0.8495370370370371 0.5462962962962963 0.8449074074074074 0.5486111111111112 0.8425925925925926 0.5486111111111112 0.8402777777777778 0.5439814814814815 0.8425925925925926 0.5416666666666666 0.8472222222222222 0.5439814814814815
0 0.6041666666666666 0.1712962962962963 0.6041666666666666 0.17824074074074073 0.6018518518518519 0.18055555555555555 0.5972222222222222 0.18055555555555555 0.5949074074074074 0.17824074074074073 0.5949074074074074 0.17592592592592593 0.6018518518518519 0.1712962962962963
0 0.40046296296296297 0.8958333333333334 0.4027777777777778 0.8981481481481481 0.40046296296296297 0.9027777777777778 0.3958333333333333 0.9027777777777778 0.39351851851851855 0.8981481481481481 0.39814814814814814 0.8958333333333334
0 0.5185185185185185 0.8310185185185185 0.5231481481481481 0.8333333333333334 0.5254629629629629 0.8379629629629629 0.5185185185185185 0.8425925925925926 0.5138888888888888 0.8402777777777778 0.5138888888888888 0.8333333333333334 0.5162037037037037 0.8333333333333334
0 0.2361111111111111 0.7754629629629629 0.009259259259259259 0.009259259259259259
0 0.2037037037037037 0.35185185185185186 0.20833333333333334 0.35648148148148145 0.20833333333333334 0.3680555555555556 0.2013888888888889 0.3680555555555556 0.19907407407407407 0.36574074074074076 0.19675925925925927 0.3611111111111111 0.2013888888888889 0.3541666666666667
0 0.36342592592592593 0.12268518518518519 0.36574074074074076 0.12731481481481483 0.36342592592592593 0.12962962962962962 0.3587962962962963 0.12962962962962962 0.35648148148148145 0.12731481481481483 0.35648148148148145 0.125 0.3611111111111111 0.12268518518518519
0 0.8553240740740741 0.38773148148148145 0.006944444444444444 0.006944444444444444