0 0.47453703703703703 0.7546296296296297 0.4791666666666667 0.7569444444444444 0.4791666666666667 0.7615740740740741 0.47685185185185186 0.7638888888888888 0.4722222222222222 0.7638888888888888 0.4699074074074074 0.7615740740740741 0.4699074074074074 0.7569444444444444 0.4722222222222222 0.7569444444444444
0 0.7708333333333334 0.39351851851851855 0.004629629629629629 0.009259259259259259
0 0.7708333333333334 0.8194444444444444 0.7800925925925926 0.8263888888888888 0.7754629629629629 0.8356481481481481 0.7708333333333334 0.8356481481481481 0.7638888888888888 0.8310185185185185 0.7638888888888888 0.8263888888888888 0.7708333333333334 0.8217592592592593
0 0.7731481481481481 0.28935185185185186 0.004629629629629629 0.009259259259259259
0 0.046296296296296294 0.4513888888888889 0.05555555555555555 0.4513888888888889 0.05787037037037037 0.4537037037037037 0.05555555555555555 0.46064814814814814 0.05092592592592592 0.46064814814814814 0.04861111111111111 0.46296296296296297 0.046296296296296294 0.46296296296296297 0.04398148148148148 0.4583333333333333 0.046296296296296294 0.4537037037037037
0 0.3333333333333333 0.05555555555555555 0.3333333333333333 0.05092592592592592 0.33564814814814814 0.04861111111111111 0.3402777777777778 0.05092592592592592 0.3402777777777778 0.05555555555555555 0.33564814814814814 0.05555555555555555
0 0.5543981481481481 0.2037037037037037 0.006944444444444444 0.009259259259259259
0 0.19907407407407407 0.5717592592592593 0.20601851851851852 0.5763888888888888 0.20601851851851852 0.5787037037037037 0.19907407407407407 0.5833333333333334 0.19675925925925927 0.5810185185185185 0.19675925925925927 0.5763888888888888 0.19907407407407407 0.5740740740740741
0 0.35185185185185186 0.2974537037037037 0.009259259259259259 0.006944444444444444
0 0.7048611111111112 0.16087962962962962 0.006944444444444444 0.006944444444444444
0 0.5462962962962963 0.9074074074074074 0.5509259259259259 0.9074074074074074 0.5532407407407407 0.9097222222222222 0.5509259259259259 0.9166666666666666 0.5462962962962963 0.9166666666666666 0.5462962962962963 0.9097222222222222
1 0.5925925925925926 0.5393518518518519 0.5925925925925926 0.5416666666666666 0.5879629629629629 0.5416666666666666 0.5740740740740741 0.5486111111111112 0.5509259259259259 0.5486111111111112 0.5486111111111112 0.5462962962962963 0.5509259259259259 0.5439814814814815 0.5671296296296297 0.5416666666666666 0.5694444444444444 0.5393518518518519 0.5902777777777778 0.5393518518518519
1 0.49537037037037035 0.6527777777777778 0.5 0.6574074074074074 0.5115740740740741 0.6574074074074074 0.5347222222222222 0.6666666666666666 0.5324074074074074 0.6689814814814815 0.5300925925925926 0.6666666666666666 0.5277777777777778 0.6689814814814815 0.5185185185185185 0.6689814814814815 0.5069444444444444 0.6620370370370371 0.49537037037037035 0.6620370370370371 0.49074074074074076 0.6574074074074074 0.4930555555555556 0.6550925925925926