0 0.9490740740740741 0.06828703703703703 0.009259259259259259 0.011574074074074073
0 0.6238425925925926 0.3923611111111111 0.006944444444444444 0.006944444444444444
0 0.8425925925925926 0.18055555555555555 0.009259259259259259 0.009259259259259259
0 0.4212962962962963 0.49074074074074076 0.009259259259259259 0.009259259259259259
0 0.8159722222222222 0.7152777777777778 0.006944444444444444 0.009259259259259259
0 0.7152777777777778 0.5960648148148148 0.009259259259259259 0.006944444444444444
0 0.2349537037037037 0.23032407407407407 0.006944444444444444 0.006944444444444444
0 0.42592592592592593 0.40046296296296297 0.4305555555555556 0.40046296296296297 0.4305555555555556 0.4097222222222222 0.42592592592592593 0.4097222222222222 0.4236111111111111 0.4050925925925926 0.42592592592592593 0.4027777777777778
0 0.6898148148148148 0.034722222222222224 0.009259259259259259 0.009259259259259259
0 0.7743055555555556 0.29398148148148145 0.006944444444444444 0.009259259259259259
0 0.9143518518518519 0.1099537037037037 0.009259259259259259 0.006944444444444444
0 0.6921296296296297 0.1550925925925926 0.009259259259259259 0.004629629629629629
0 0.7615740740740741 0.3726851851851852 0.009259259259259259 0.004629629629629629