0 0.7546296296296297 0.23842592592592593 0.7615740740740741 0.23842592592592593 0.7615740740740741 0.24768518518518517 0.7569444444444444 0.24768518518518517 0.7546296296296297 0.24537037037037038 0.7546296296296297 0.24074074074074073
0 0.32175925925925924 0.018518518518518517 0.32407407407407407 0.013888888888888888 0.3287037037037037 0.011574074074074073 0.33101851851851855 0.013888888888888888 0.33101851851851855 0.020833333333333332 0.3287037037037037 0.023148148148148147 0.32407407407407407 0.020833333333333332
0 0.2847222222222222 0.41898148148148145 0.2962962962962963 0.41898148148148145 0.30092592592592593 0.4236111111111111 0.2986111111111111 0.4305555555555556 0.28703703703703703 0.43287037037037035 0.2824074074074074 0.4236111111111111 0.2847222222222222 0.4212962962962963
0 0.6087962962962963 0.7638888888888888 0.6157407407407407 0.7638888888888888 0.6180555555555556 0.7662037037037037 0.6111111111111112 0.7708333333333334 0.6087962962962963 0.7662037037037037
0 0.2488425925925926 0.9120370370370371 0.011574074074074073 0.009259259259259259
0 0.5277777777777778 0.3888888888888889 0.009259259259259259 0.009259259259259259
0 0.4201388888888889 0.46064814814814814 0.011574074074074073 0.009259259259259259
0 0.7453703703703703 0.41435185185185186 0.7523148148148148 0.41435185185185186 0.7523148148148148 0.41898148148148145 0.75 0.4212962962962963 0.7476851851851852 0.4212962962962963 0.7453703703703703 0.4166666666666667
0 0.7233796296296297 0.7974537037037037 0.006944444444444444 0.006944444444444444
0 0.5694444444444444 0.6851851851851852 0.5740740740740741 0.6875 0.5740740740740741 0.6921296296296297 0.5717592592592593 0.6967592592592593 0.5671296296296297 0.6990740740740741 0.5625 0.6990740740740741 0.5578703703703703 0.6944444444444444 0.5578703703703703 0.6898148148148148 0.5671296296296297 0.6851851851851852
0 0.4699074074074074 0.8425925925925926 0.47453703703703703 0.8425925925925926 0.47453703703703703 0.8495370370370371 0.4699074074074074 0.8495370370370371 0.4699074074074074 0.8449074074074074
0 0.5625 0.9976851851851852 0.5625 0.9930555555555556 0.5648148148148148 0.9907407407407407 0.5717592592592593 0.9907407407407407 0.5740740740740741 0.9930555555555556 0.5740740740740741 0.9976851851851852 0.5648148148148148 0.9976851851851852