0 0.1875 0.6550925925925926 0.19212962962962962 0.6550925925925926 0.19212962962962962 0.6620370370370371 0.18981481481481483 0.6643518518518519 0.1875 0.6620370370370371 0.1875 0.6574074074074074
0 0.5925925925925926 0.4074074074074074 0.5972222222222222 0.4074074074074074 0.5995370370370371 0.4097222222222222 0.5995370370370371 0.41435185185185186 0.5949074074074074 0.4166666666666667 0.5902777777777778 0.41435185185185186 0.5925925925925926 0.4097222222222222
0 0.3541666666666667 0.6111111111111112 0.009259259259259259 0.009259259259259259
0 0.41087962962962965 0.5775462962962963 0.011574074074074073 0.011574074074074073
0 0.7719907407407407 0.16898148148148148 0.006944444444444444 0.009259259259259259
0 0.9259259259259259 0.6990740740740741 0.9282407407407407 0.6990740740740741 0.9328703703703703 0.7060185185185185 0.9328703703703703 0.7106481481481481 0.9305555555555556 0.7129629629629629 0.9259259259259259 0.7129629629629629 0.9236111111111112 0.7106481481481481 0.9236111111111112 0.7037037037037037 0.9259259259259259 0.7013888888888888
0 0.5763888888888888 0.8958333333333334 0.009259259259259259 0.009259259259259259
0 0.04050925925925926 0.8576388888888888 0.016203703703703703 0.020833333333333332
0 0.24537037037037038 0.3287037037037037 0.2523148148148148 0.3287037037037037 0.2523148148148148 0.3333333333333333 0.24768518518518517 0.33796296296296297 0.24537037037037038 0.33796296296296297 0.24537037037037038 0.33101851851851855
0 0.5324074074074074 0.04398148148148148 0.5393518518518519 0.04398148148148148 0.5393518518518519 0.04861111111111111 0.5370370370370371 0.05092592592592592 0.5347222222222222 0.05092592592592592 0.5324074074074074 0.046296296296296294
0 0.6817129629629629 0.09259259259259259 0.006944444444444444 0.009259259259259259
0 0.6875 0.4675925925925926 0.6851851851851852 0.46296296296296297 0.6875 0.4583333333333333 0.6944444444444444 0.4583333333333333 0.6944444444444444 0.46296296296296297 0.6921296296296297 0.4675925925925926 0.6898148148148148 0.4675925925925926
0 0.9016203703703703 0.5405092592592593 0.011574074074074073 0.011574074074074073
0 0.07175925925925926 0.24768518518518517 0.0787037037037037 0.2569444444444444 0.07175925925925926 0.2662037037037037 0.06018518518518518 0.2662037037037037 0.05787037037037037 0.2638888888888889 0.05787037037037037 0.2523148148148148 0.0625 0.24768518518518517 0.06944444444444445 0.24768518518518517
0 0.11921296296296297 0.8819444444444444 0.006944444444444444 0.009259259259259259
0 0.8333333333333334 0.5439814814814815 0.8379629629629629 0.5439814814814815 0.8402777777777778 0.5462962962962963 0.8402777777777778 0.5509259259259259 0.8356481481481481 0.5555555555555556 0.8310185185185185 0.5509259259259259 0.8333333333333334 0.5462962962962963