0 0.6678240740740741 0.3715277777777778 0.006944444444444444 0.006944444444444444
0 0.02546296296296296 0.3541666666666667 0.037037037037037035 0.35648148148148145 0.037037037037037035 0.36342592592592593 0.03009259259259259 0.37037037037037035 0.023148148148148147 0.3680555555555556 0.023148148148148147 0.3587962962962963 0.02546296296296296 0.35648148148148145
0 0.10648148148148148 0.7083333333333334 0.1111111111111111 0.7152777777777778 0.10416666666666667 0.7199074074074074 0.10185185185185185 0.7175925925925926 0.10185185185185185 0.7129629629629629 0.10416666666666667 0.7106481481481481
0 0.7060185185185185 0.7372685185185185 0.009259259259259259 0.016203703703703703
0 0.6296296296296297 0.8356481481481481 0.009259259259259259 0.009259259259259259
0 0.9976851851851852 0.25 0.9976851851851852 0.25925925925925924 0.9907407407407407 0.25462962962962965 0.9907407407407407 0.2523148148148148 0.9953703703703703 0.25
0 0.6967592592592593 0.41435185185185186 0.7013888888888888 0.41203703703703703 0.7060185185185185 0.41435185185185186 0.7037037037037037 0.41898148148148145 0.6990740740740741 0.41898148148148145 0.6967592592592593 0.4166666666666667
0 0.39351851851851855 0.11342592592592593 0.39351851851851855 0.12268518518518519 0.3912037037037037 0.125 0.38425925925925924 0.125 0.3819444444444444 0.12268518518518519 0.3819444444444444 0.11805555555555555 0.3912037037037037 0.11342592592592593
0 0.5659722222222222 0.4525462962962963 0.011574074074074073 0.016203703703703703
0 0.6689814814814815 0.22916666666666666 0.6712962962962963 0.23148148148148148 0.6712962962962963 0.2361111111111111 0.6666666666666666 0.24074074074074073 0.6620370370370371 0.23842592592592593 0.6620370370370371 0.23148148148148148 0.6666666666666666 0.22916666666666666
0 0.7662037037037037 0.011574074074074073 0.7685185185185185 0.013888888888888888 0.7685185185185185 0.018518518518518517 0.7638888888888888 0.023148148148148147 0.7592592592592593 0.020833333333333332 0.7592592592592593 0.016203703703703703 0.7638888888888888 0.013888888888888888
0 0.9745370370370371 0.2638888888888889 0.009259259259259259 0.013888888888888888