0 0.5277777777777778 0.4930555555555556 0.5300925925925926 0.4976851851851852 0.5254629629629629 0.5046296296296297 0.5208333333333334 0.5023148148148148 0.5208333333333334 0.49537037037037035 0.5254629629629629 0.4930555555555556
0 0.8506944444444444 0.19791666666666666 0.006944444444444444 0.006944444444444444
0 0.15046296296296297 0.27546296296296297 0.1550925925925926 0.27546296296296297 0.1550925925925926 0.2824074074074074 0.15046296296296297 0.2824074074074074 0.15046296296296297 0.2777777777777778
0 0.9884259259259259 0.13194444444444445 0.9907407407407407 0.13657407407407407 0.9837962962962963 0.14351851851851852 0.9814814814814815 0.14351851851851852 0.9814814814814815 0.13425925925925927 0.9861111111111112 0.13194444444444445
0 0.8217592592592593 0.3125 0.8287037037037037 0.3125 0.8310185185185185 0.3148148148148148 0.8310185185185185 0.3194444444444444 0.8263888888888888 0.32407407407407407 0.8217592592592593 0.32175925925925924 0.8194444444444444 0.31712962962962965 0.8217592592592593 0.3148148148148148
0 0.9097222222222222 0.33564814814814814 0.9166666666666666 0.33101851851851855 0.9166666666666666 0.33796296296296297 0.9143518518518519 0.3402777777777778 0.9120370370370371 0.3402777777777778 0.9120370370370371 0.33796296296296297
0 0.9699074074074074 0.5300925925925926 0.9745370370370371 0.5324074074074074 0.9745370370370371 0.5393518518518519 0.9675925925925926 0.5462962962962963 0.9606481481481481 0.5416666666666666 0.9629629629629629 0.5324074074074074 0.9675925925925926 0.5300925925925926
0 0.21296296296296297 0.7083333333333334 0.2175925925925926 0.7129629629629629 0.2152777777777778 0.7175925925925926 0.20601851851851852 0.7175925925925926 0.2037037037037037 0.7129629629629629 0.21064814814814814 0.7083333333333334
0 0.4074074074074074 0.2199074074074074 0.41203703703703703 0.2222222222222222 0.41203703703703703 0.22916666666666666 0.4050925925925926 0.22916666666666666 0.4027777777777778 0.22685185185185186 0.4050925925925926 0.2222222222222222
0 0.8738425925925926 0.30092592592592593 0.006944444444444444 0.009259259259259259
0 0.3587962962962963 0.10416666666666667 0.3587962962962963 0.09722222222222222 0.3611111111111111 0.09490740740740741 0.36574074074074076 0.09722222222222222 0.3611111111111111 0.10416666666666667
0 0.8865740740740741 0.5879629629629629 0.8888888888888888 0.5902777777777778 0.8888888888888888 0.5972222222222222 0.8865740740740741 0.5995370370370371 0.8819444444444444 0.5972222222222222 0.8819444444444444 0.5902777777777778 0.8842592592592593 0.5902777777777778
0 0.6157407407407407 0.05787037037037037 0.6226851851851852 0.05787037037037037 0.6226851851851852 0.06712962962962964 0.6157407407407407 0.06712962962962964 0.6157407407407407 0.06018518518518518
0 0.36342592592592593 0.3819444444444444 0.37037037037037035 0.3819444444444444 0.3726851851851852 0.38425925925925924 0.3680555555555556 0.39351851851851855 0.36342592592592593 0.3912037037037037 0.36342592592592593 0.38425925925925924
0 0.3587962962962963 0.8182870370370371 0.009259259259259259 0.011574074074074073