0 0.7280092592592593 0.17708333333333334 0.006944444444444444 0.006944444444444444
0 0.44560185185185186 0.8043981481481481 0.006944444444444444 0.006944444444444444
0 0.7083333333333334 0.39467592592592593 0.004629629629629629 0.006944444444444444
0 0.09953703703703703 0.3425925925925926 0.10185185185185185 0.3449074074074074 0.10185185185185185 0.34953703703703703 0.09490740740740741 0.34953703703703703 0.09490740740740741 0.3449074074074074 0.09722222222222222 0.3449074074074074
0 0.8946759259259259 0.8738425925925926 0.006944444444444444 0.006944444444444444
0 0.3229166666666667 0.7418981481481481 0.006944444444444444 0.006944444444444444
0 0.6817129629629629 0.4791666666666667 0.006944444444444444 0.004629629629629629
0 0.6273148148148148 0.1724537037037037 0.009259259259259259 0.006944444444444444
0 0.2048611111111111 0.03587962962962963 0.006944444444444444 0.006944444444444444
0 0.2974537037037037 0.8229166666666666 0.006944444444444444 0.006944444444444444
0 0.09375 0.7430555555555556 0.006944444444444444 0.004629629629629629
0 0.6979166666666666 0.5891203703703703 0.006944444444444444 0.006944444444444444
0 0.44675925925925924 0.1412037037037037 0.4513888888888889 0.14351851851851852 0.4537037037037037 0.14814814814814814 0.4513888888888889 0.1550925925925926 0.4444444444444444 0.1550925925925926 0.44212962962962965 0.15046296296296297 0.44212962962962965 0.14583333333333334 0.4444444444444444 0.14351851851851852
0 0.7476851851851852 0.9618055555555556 0.004629629629629629 0.006944444444444444
0 0.6423611111111112 0.4699074074074074 0.006944444444444444 0.004629629629629629
0 0.5613425925925926 0.7858796296296297 0.006944444444444444 0.006944444444444444
0 0.7233796296296297 0.8136574074074074 0.006944444444444444 0.006944444444444444
0 0.2523148148148148 0.9907407407407407 0.25462962962962965 0.9930555555555556 0.25462962962962965 0.9976851851851852 0.24537037037037038 0.9976851851851852 0.24537037037037038 0.9930555555555556 0.25 0.9907407407407407