0 0.9490740740740741 0.5162037037037037 0.9537037037037037 0.5185185185185185 0.9537037037037037 0.5231481481481481 0.9490740740740741 0.5254629629629629 0.9444444444444444 0.5208333333333334 0.9444444444444444 0.5185185185185185 0.9467592592592593 0.5185185185185185
0 0.7777777777777778 0.7268518518518519 0.7824074074074074 0.7175925925925926 0.7893518518518519 0.7175925925925926 0.7916666666666666 0.7199074074074074 0.7916666666666666 0.7245370370370371 0.7893518518518519 0.7291666666666666 0.7824074074074074 0.7291666666666666 0.7800925925925926 0.7268518518518519
0 0.09143518518518519 0.4988425925925926 0.006944444444444444 0.006944444444444444
0 0.06481481481481481 0.7511574074074074 0.009259259259259259 0.011574074074074073
0 0.2222222222222222 0.9375 0.009259259259259259 0.009259259259259259
0 0.3159722222222222 0.28125 0.006944444444444444 0.006944444444444444
0 0.3993055555555556 0.9085648148148148 0.006944444444444444 0.011574074074074073
0 0.04861111111111111 0.5462962962962963 0.05324074074074074 0.5462962962962963 0.05787037037037037 0.5509259259259259 0.05787037037037037 0.5532407407407407 0.05092592592592592 0.5578703703703703 0.04861111111111111 0.5555555555555556 0.04861111111111111 0.5486111111111112
0 0.9768518518518519 0.6122685185185185 0.009259259259259259 0.006944444444444444
0 0.6828703703703703 0.23148148148148148 0.009259259259259259 0.009259259259259259
0 0.7314814814814815 0.7199074074074074 0.7361111111111112 0.7222222222222222 0.7361111111111112 0.7291666666666666 0.7291666666666666 0.7291666666666666 0.7291666666666666 0.7222222222222222