0 0.5740740740740741 0.6342592592592593 0.5694444444444444 0.6273148148148148 0.5763888888888888 0.6226851851851852 0.5787037037037037 0.625 0.5787037037037037 0.6296296296296297 0.5763888888888888 0.6319444444444444
0 0.9004629629629629 0.9560185185185185 0.009259259259259259 0.009259259259259259
0 0.5405092592592593 0.5763888888888888 0.006944444444444444 0.009259259259259259
0 0.06828703703703703 0.059027777777777776 0.006944444444444444 0.006944444444444444
0 0.9837962962962963 0.8680555555555556 0.9861111111111112 0.8703703703703703 0.9861111111111112 0.8773148148148148 0.9837962962962963 0.8796296296296297 0.9814814814814815 0.8773148148148148 0.9814814814814815 0.8703703703703703
0 0.6944444444444444 0.625 0.7013888888888888 0.6226851851851852 0.7060185185185185 0.6296296296296297 0.7037037037037037 0.6365740740740741 0.6967592592592593 0.6365740740740741 0.6944444444444444 0.6342592592592593 0.6944444444444444 0.6273148148148148
0 0.37962962962962965 0.1875 0.38657407407407407 0.1875 0.3888888888888889 0.19212962962962962 0.3888888888888889 0.19675925925925927 0.38657407407407407 0.19907407407407407 0.37962962962962965 0.19907407407407407 0.37962962962962965 0.19444444444444445 0.3773148148148148 0.19212962962962962 0.37962962962962965 0.18981481481481483
0 0.9282407407407407 0.5740740740740741 0.9328703703703703 0.5740740740740741 0.9351851851851852 0.5763888888888888 0.9351851851851852 0.5810185185185185 0.9305555555555556 0.5833333333333334 0.9282407407407407 0.5833333333333334 0.9282407407407407 0.5763888888888888
0 0.7650462962962963 0.7627314814814815 0.006944444444444444 0.006944444444444444
0 0.8414351851851852 0.22453703703703703 0.006944444444444444 0.009259259259259259
0 0.6435185185185185 0.9930555555555556 0.009259259259259259 0.009259259259259259
0 0.4756944444444444 0.5555555555555556 0.006944444444444444 0.009259259259259259