0 0.6990740740740741 0.23148148148148148 0.7037037037037037 0.23148148148148148 0.7060185185185185 0.2361111111111111 0.7060185185185185 0.23842592592592593 0.6967592592592593 0.24074074074074073 0.6967592592592593 0.2361111111111111 0.6990740740740741 0.2337962962962963
0 0.5462962962962963 0.24768518518518517 0.5486111111111112 0.25 0.5486111111111112 0.2569444444444444 0.5439814814814815 0.25925925925925924 0.5393518518518519 0.2569444444444444 0.5393518518518519 0.25 0.5439814814814815 0.24768518518518517
0 0.48842592592592593 0.28125 0.009259259259259259 0.006944444444444444
0 0.08217592592592593 0.6643518518518519 0.006944444444444444 0.009259259259259259
0 0.6111111111111112 0.3020833333333333 0.013888888888888888 0.011574074074074073
0 0.8229166666666666 0.024305555555555556 0.006944444444444444 0.006944444444444444
0 0.05787037037037037 0.6666666666666666 0.0625 0.6666666666666666 0.06481481481481481 0.6689814814814815 0.0625 0.6736111111111112 0.05787037037037037 0.6736111111111112 0.05787037037037037 0.6689814814814815
0 0.9745370370370371 0.6412037037037037 0.009259259259259259 0.009259259259259259
0 0.5972222222222222 0.8020833333333334 0.004629629629629629 0.006944444444444444
0 0.4513888888888889 0.21180555555555555 0.009259259259259259 0.006944444444444444
0 0.42592592592592593 0.38657407407407407 0.4305555555555556 0.38657407407407407 0.43287037037037035 0.3888888888888889 0.4305555555555556 0.39351851851851855 0.42592592592592593 0.39351851851851855 0.42592592592592593 0.3888888888888889
0 0.2569444444444444 0.39814814814814814 0.2569444444444444 0.39351851851851855 0.25925925925925924 0.3912037037037037 0.2662037037037037 0.3912037037037037 0.26851851851851855 0.39351851851851855 0.26851851851851855 0.39814814814814814 0.2662037037037037 0.40046296296296297 0.26157407407407407 0.40046296296296297 0.25925925925925924 0.39814814814814814
0 0.3645833333333333 0.625 0.006944444444444444 0.009259259259259259
0 0.3148148148148148 0.35185185185185186 0.31712962962962965 0.3472222222222222 0.32175925925925924 0.3449074074074074 0.3263888888888889 0.35185185185185186 0.32407407407407407 0.3541666666666667 0.31712962962962965 0.3541666666666667
0 0.8865740740740741 0.1400462962962963 0.004629629629629629 0.006944444444444444
0 0.6354166666666666 0.5983796296296297 0.006944444444444444 0.006944444444444444
0 0.45601851851851855 0.16319444444444445 0.009259259259259259 0.006944444444444444
0 0.90625 0.14930555555555555 0.006944444444444444 0.006944444444444444
0 0.08217592592592593 0.0775462962962963 0.006944444444444444 0.006944444444444444
0 0.78125 0.6168981481481481 0.006944444444444444 0.006944444444444444
0 0.5474537037037037 0.1423611111111111 0.006944444444444444 0.006944444444444444