0 0.5254629629629629 0.9108796296296297 0.009259259259259259 0.006944444444444444
0 0.6493055555555556 0.33217592592592593 0.006944444444444444 0.006944444444444444
0 0.6192129629629629 0.7395833333333334 0.006944444444444444 0.006944444444444444
0 0.7835648148148148 0.3090277777777778 0.006944444444444444 0.006944444444444444
0 0.32175925925925924 0.3402777777777778 0.3287037037037037 0.3402777777777778 0.33101851851851855 0.3425925925925926 0.33101851851851855 0.3472222222222222 0.3287037037037037 0.34953703703703703 0.3263888888888889 0.34953703703703703 0.32175925925925924 0.3425925925925926
0 0.05439814814814815 0.3472222222222222 0.006944444444444444 0.009259259259259259
0 0.5219907407407407 0.6840277777777778 0.006944444444444444 0.006944444444444444
0 0.29050925925925924 0.5370370370370371 0.006944444444444444 0.009259259259259259
0 0.7650462962962963 0.9432870370370371 0.006944444444444444 0.006944444444444444
0 0.7488425925925926 0.11689814814814815 0.006944444444444444 0.006944444444444444
0 0.7592592592592593 0.44907407407407407 0.7592592592592593 0.45601851851851855 0.7546296296296297 0.45601851851851855 0.7523148148148148 0.4513888888888889 0.7569444444444444 0.44907407407407407
0 0.48148148148148145 0.3958333333333333 0.009259259259259259 0.009259259259259259
0 0.19444444444444445 0.41087962962962965 0.009259259259259259 0.006944444444444444
0 0.9814814814814815 0.14583333333333334 0.9884259259259259 0.14583333333333334 0.9907407407407407 0.14814814814814814 0.9907407407407407 0.1550925925925926 0.9884259259259259 0.1574074074074074 0.9814814814814815 0.1550925925925926 0.9814814814814815 0.14814814814814814
0 0.5648148148148148 0.7731481481481481 0.5671296296296297 0.7754629629629629 0.5671296296296297 0.7800925925925926 0.5601851851851852 0.7800925925925926 0.5578703703703703 0.7754629629629629 0.5625 0.7731481481481481
0 0.7673611111111112 0.3159722222222222 0.006944444444444444 0.006944444444444444
0 0.6898148148148148 0.9652777777777778 0.6944444444444444 0.9652777777777778 0.6967592592592593 0.9699074074074074 0.6967592592592593 0.9745370370370371 0.6921296296296297 0.9745370370370371 0.6875 0.9699074074074074 0.6898148148148148 0.9675925925925926
0 0.8055555555555556 0.28935185185185186 0.009259259259259259 0.009259259259259259
0 0.625 0.9606481481481481 0.6296296296296297 0.9606481481481481 0.6296296296296297 0.9675925925925926 0.625 0.9675925925925926 0.625 0.9629629629629629