0 0.14583333333333334 0.41898148148148145 0.14814814814814814 0.4212962962962963 0.14814814814814814 0.42592592592592593 0.14351851851851852 0.4305555555555556 0.1388888888888889 0.42592592592592593 0.1388888888888889 0.4236111111111111 0.14351851851851852 0.4212962962962963
0 0.9282407407407407 0.6782407407407407 0.9328703703703703 0.6759259259259259 0.9375 0.6782407407407407 0.9375 0.6851851851851852 0.9351851851851852 0.6875 0.9282407407407407 0.6875 0.9259259259259259 0.6851851851851852 0.9282407407407407 0.6805555555555556
0 0.47337962962962965 0.05324074074074074 0.006944444444444444 0.009259259259259259
0 0.14467592592592593 0.19791666666666666 0.006944444444444444 0.006944444444444444
0 0.5046296296296297 0.7870370370370371 0.5069444444444444 0.7893518518518519 0.5069444444444444 0.7939814814814815 0.5 0.8009259259259259 0.49537037037037035 0.7986111111111112 0.49537037037037035 0.7893518518518519 0.5023148148148148 0.7870370370370371
0 0.12037037037037036 0.8773148148148148 0.1111111111111111 0.8703703703703703 0.1111111111111111 0.8634259259259259 0.11574074074074074 0.8587962962962963 0.12268518518518519 0.8587962962962963 0.12731481481481483 0.8634259259259259 0.12731481481481483 0.8680555555555556 0.12268518518518519 0.875
0 0.48842592592592593 0.023148148148148147 0.49537037037037035 0.023148148148148147 0.4930555555555556 0.032407407407407406 0.48842592592592593 0.032407407407407406 0.48842592592592593 0.02546296296296296
0 0.2962962962962963 0.5787037037037037 0.2962962962962963 0.5833333333333334 0.29398148148148145 0.5856481481481481 0.28935185185185186 0.5856481481481481 0.28935185185185186 0.5810185185185185 0.29398148148148145 0.5787037037037037
0 0.8576388888888888 0.5949074074074074 0.011574074074074073 0.013888888888888888
0 0.7314814814814815 0.06018518518518518 0.7337962962962963 0.0625 0.7314814814814815 0.06712962962962964 0.7268518518518519 0.06712962962962964 0.7245370370370371 0.06481481481481481 0.7245370370370371 0.0625 0.7291666666666666 0.06018518518518518
0 0.2222222222222222 0.4675925925925926 0.2222222222222222 0.47453703703703703 0.2152777777777778 0.47453703703703703 0.2152777777777778 0.4699074074074074 0.2199074074074074 0.4675925925925926
0 0.9745370370370371 0.5601851851851852 0.9768518518518519 0.5625 0.9745370370370371 0.5717592592592593 0.9652777777777778 0.5717592592592593 0.9629629629629629 0.5694444444444444 0.9652777777777778 0.5625 0.9722222222222222 0.5601851851851852
0 0.7939814814814815 0.8888888888888888 0.8009259259259259 0.8842592592592593 0.8032407407407407 0.8865740740740741 0.8032407407407407 0.8912037037037037 0.7986111111111112 0.8935185185185185 0.7962962962962963 0.8912037037037037
0 0.05092592592592592 0.10532407407407407 0.009259259259259259 0.006944444444444444
0 0.5150462962962963 0.18981481481481483 0.011574074074074073 0.013888888888888888