0 0.31712962962962965 0.6724537037037037 0.009259259259259259 0.006944444444444444
0 0.11689814814814815 0.5138888888888888 0.006944444444444444 0.009259259259259259
0 0.7847222222222222 0.7337962962962963 0.7870370370370371 0.7361111111111112 0.7870370370370371 0.7430555555555556 0.7777777777777778 0.7430555555555556 0.7754629629629629 0.7407407407407407 0.7754629629629629 0.7384259259259259 0.7824074074074074 0.7337962962962963
0 0.5115740740740741 0.4398148148148148 0.5115740740740741 0.44675925925925924 0.5092592592592593 0.44907407407407407 0.5069444444444444 0.44907407407407407 0.5046296296296297 0.4444444444444444 0.5046296296296297 0.44212962962962965 0.5092592592592593 0.4398148148148148
0 0.003472222222222222 0.2962962962962963 0.006944444444444444 0.009259259259259259
0 0.31828703703703703 0.8101851851851852 0.011574074074074073 0.013888888888888888
0 0.02546296296296296 0.7546296296296297 0.009259259259259259 0.009259259259259259
0 0.25925925925925924 0.7314814814814815 0.2638888888888889 0.7314814814814815 0.2662037037037037 0.7337962962962963 0.2638888888888889 0.7384259259259259 0.25925925925925924 0.7384259259259259 0.25925925925925924 0.7337962962962963
0 0.7037037037037037 0.9560185185185185 0.7083333333333334 0.9560185185185185 0.7106481481481481 0.9583333333333334 0.7106481481481481 0.9629629629629629 0.7037037037037037 0.9629629629629629 0.7013888888888888 0.9606481481481481 0.7037037037037037 0.9583333333333334
0 0.03587962962962963 0.7118055555555556 0.006944444444444444 0.006944444444444444
0 0.39699074074074076 0.3229166666666667 0.006944444444444444 0.006944444444444444
0 0.2824074074074074 0.25 0.28935185185185186 0.24768518518518517 0.29398148148148145 0.25462962962962965 0.2916666666666667 0.26157407407407407 0.28703703703703703 0.2662037037037037 0.2824074074074074 0.2638888888888889 0.2800925925925926 0.25925925925925924 0.2824074074074074 0.2523148148148148
0 0.5659722222222222 0.5104166666666666 0.006944444444444444 0.006944444444444444
0 0.6574074074074074 0.8240740740740741 0.6574074074074074 0.8171296296296297 0.6597222222222222 0.8148148148148148 0.6666666666666666 0.8194444444444444 0.6643518518518519 0.8240740740740741 0.6597222222222222 0.8240740740740741
0 0.5254629629629629 0.16435185185185186 0.5300925925925926 0.16435185185185186 0.5324074074074074 0.16666666666666666 0.5324074074074074 0.1712962962962963 0.5300925925925926 0.1736111111111111 0.5254629629629629 0.1712962962962963 0.5254629629629629 0.16666666666666666
0 0.6689814814814815 0.7870370370370371 0.009259259259259259 0.009259259259259259