0 0.15046296296296297 0.7129629629629629 0.009259259259259259 0.009259259259259259
0 0.06712962962962964 0.24768518518518517 0.06712962962962964 0.2569444444444444 0.0625 0.2569444444444444 0.06018518518518518 0.25462962962962965 0.06018518518518518 0.25 0.06481481481481481 0.24768518518518517
0 0.48032407407407407 0.19212962962962962 0.006944444444444444 0.009259259259259259
0 0.7615740740740741 0.30324074074074076 0.009259259259259259 0.009259259259259259
0 0.1597222222222222 0.07175925925925926 0.16203703703703703 0.07407407407407407 0.16203703703703703 0.0787037037037037 0.1597222222222222 0.08101851851851852 0.1527777777777778 0.08101851851851852 0.15046296296296297 0.0787037037037037 0.15046296296296297 0.0763888888888889 0.1574074074074074 0.07175925925925926
0 0.8819444444444444 0.7060185185185185 0.8865740740740741 0.7060185185185185 0.8865740740740741 0.7129629629629629 0.8819444444444444 0.7129629629629629 0.8819444444444444 0.7083333333333334
0 0.8819444444444444 0.8611111111111112 0.8865740740740741 0.8634259259259259 0.8888888888888888 0.8680555555555556 0.8865740740740741 0.8726851851851852 0.8796296296296297 0.8726851851851852 0.8773148148148148 0.8703703703703703 0.8773148148148148 0.8634259259259259 0.8796296296296297 0.8634259259259259
0 0.9490740740740741 0.7870370370370371 0.9490740740740741 0.7939814814814815 0.9467592592592593 0.7962962962962963 0.9421296296296297 0.7939814814814815 0.9421296296296297 0.7893518518518519 0.9467592592592593 0.7870370370370371
0 0.6736111111111112 0.17476851851851852 0.009259259259259259 0.006944444444444444
0 0.6585648148148148 0.875 0.011574074074074073 0.013888888888888888
0 0.45717592592592593 0.35648148148148145 0.006944444444444444 0.009259259259259259
0 0.8263888888888888 0.6296296296296297 0.8263888888888888 0.625 0.8287037037037037 0.6226851851851852 0.8333333333333334 0.625 0.8333333333333334 0.6296296296296297 0.8287037037037037 0.6296296296296297
0 0.08333333333333333 0.26157407407407407 0.08796296296296297 0.26157407407407407 0.08796296296296297 0.26851851851851855 0.08333333333333333 0.26851851851851855 0.08333333333333333 0.2638888888888889
0 0.5185185185185185 0.46412037037037035 0.009259259259259259 0.011574074074074073
0 0.47453703703703703 0.7893518518518519 0.4791666666666667 0.7893518518518519 0.4791666666666667 0.7962962962962963 0.47453703703703703 0.7962962962962963 0.47453703703703703 0.7916666666666666
0 0.7824074074074074 0.46064814814814814 0.7824074074074074 0.45601851851851855 0.7847222222222222 0.4537037037037037 0.7893518518518519 0.45601851851851855 0.7893518518518519 0.46064814814814814 0.7870370370370371 0.46296296296296297 0.7847222222222222 0.46064814814814814