0 0.09722222222222222 0.13194444444444445 0.09953703703703703 0.13425925925925927 0.09722222222222222 0.1388888888888889 0.09259259259259259 0.1388888888888889 0.09027777777777778 0.13657407407407407 0.09027777777777778 0.13425925925925927 0.09490740740740741 0.13194444444444445
0 0.41550925925925924 0.18518518518518517 0.006944444444444444 0.004629629629629629
0 0.36689814814814814 0.05787037037037037 0.006944444444444444 0.009259259259259259
0 0.09259259259259259 0.12384259259259259 0.009259259259259259 0.006944444444444444
0 0.9652777777777778 0.2222222222222222 0.9722222222222222 0.2222222222222222 0.9722222222222222 0.22685185185185186 0.9699074074074074 0.22916666666666666 0.9675925925925926 0.22916666666666666 0.9652777777777778 0.22453703703703703
0 0.8402777777777778 0.032407407407407406 0.8472222222222222 0.032407407407407406 0.8495370370370371 0.037037037037037035 0.8472222222222222 0.03935185185185185 0.8425925925925926 0.03935185185185185 0.8402777777777778 0.034722222222222224
0 0.5833333333333334 0.22453703703703703 0.009259259259259259 0.009259259259259259
0 0.1886574074074074 0.16782407407407407 0.006944444444444444 0.006944444444444444
0 0.35300925925925924 0.11689814814814815 0.006944444444444444 0.006944444444444444
0 0.44212962962962965 0.16898148148148148 0.44675925925925924 0.1712962962962963 0.44675925925925924 0.17592592592592593 0.44212962962962965 0.17824074074074073 0.4398148148148148 0.17592592592592593 0.4398148148148148 0.1712962962962963
0 0.6990740740740741 0.13657407407407407 0.7060185185185185 0.1388888888888889 0.7060185185185185 0.14351851851851852 0.7037037037037037 0.14583333333333334 0.6967592592592593 0.1412037037037037 0.6990740740740741 0.1388888888888889
0 0.7534722222222222 0.05324074074074074 0.016203703703703703 0.013888888888888888
0 0.8379629629629629 0.08333333333333333 0.8472222222222222 0.08333333333333333 0.8472222222222222 0.09027777777777778 0.8402777777777778 0.09027777777777778 0.8379629629629629 0.08564814814814815