0 0.02546296296296296 0.4444444444444444 0.034722222222222224 0.4444444444444444 0.034722222222222224 0.4513888888888889 0.032407407407407406 0.4537037037037037 0.02546296296296296 0.4537037037037037 0.02546296296296296 0.44675925925925924
0 0.9652777777777778 0.21296296296296297 0.9745370370370371 0.21296296296296297 0.9745370370370371 0.2199074074074074 0.9722222222222222 0.2222222222222222 0.9699074074074074 0.2222222222222222 0.9652777777777778 0.2152777777777778
0 0.3159722222222222 0.4722222222222222 0.006944444444444444 0.009259259259259259
0 0.1099537037037037 0.3958333333333333 0.006944444444444444 0.009259259259259259
0 0.30092592592592593 0.31712962962962965 0.30324074074074076 0.3194444444444444 0.30092592592592593 0.32407407407407407 0.29398148148148145 0.32407407407407407 0.29398148148148145 0.3194444444444444 0.2986111111111111 0.31712962962962965
0 0.5405092592592593 0.38078703703703703 0.006944444444444444 0.011574074074074073
0 0.1840277777777778 0.6053240740740741 0.006944444444444444 0.011574074074074073
0 0.05439814814814815 0.4861111111111111 0.006944444444444444 0.009259259259259259
0 0.14467592592592593 0.35648148148148145 0.006944444444444444 0.009259259259259259
0 0.25925925925925924 0.22453703703703703 0.2662037037037037 0.22453703703703703 0.26851851851851855 0.22685185185185186 0.26851851851851855 0.2337962962962963 0.25925925925925924 0.2337962962962963 0.25925925925925924 0.22685185185185186
0 0.7569444444444444 0.7083333333333334 0.7546296296296297 0.7060185185185185 0.7546296296296297 0.7013888888888888 0.7592592592592593 0.6990740740740741 0.7615740740740741 0.7013888888888888 0.7615740740740741 0.7060185185185185 0.7592592592592593 0.7060185185185185
0 0.5578703703703703 0.05324074074074074 0.5601851851851852 0.05555555555555555 0.5578703703703703 0.06018518518518518 0.5532407407407407 0.06018518518518518 0.5509259259259259 0.05787037037037037 0.5509259259259259 0.05555555555555555 0.5555555555555556 0.05324074074074074
0 0.25578703703703703 0.9236111111111112 0.016203703703703703 0.013888888888888888