0 0.09490740740740741 0.24537037037037038 0.009259259259259259 0.009259259259259259
0 0.9560185185185185 0.08912037037037036 0.009259259259259259 0.011574074074074073
0 0.9178240740740741 0.8900462962962963 0.006944444444444444 0.006944444444444444
0 0.2013888888888889 0.40162037037037035 0.009259259259259259 0.006944444444444444
0 0.8993055555555556 0.7824074074074074 0.006944444444444444 0.009259259259259259
0 0.27662037037037035 0.1909722222222222 0.011574074074074073 0.011574074074074073
0 0.4097222222222222 0.2222222222222222 0.009259259259259259 0.009259259259259259
0 0.33796296296296297 0.6412037037037037 0.3425925925925926 0.6412037037037037 0.3425925925925926 0.6481481481481481 0.33796296296296297 0.6481481481481481 0.33796296296296297 0.6435185185185185
0 0.8680555555555556 0.8865740740740741 0.009259259259259259 0.009259259259259259
0 0.05787037037037037 0.5671296296296297 0.009259259259259259 0.009259259259259259
0 0.5416666666666666 0.6226851851851852 0.009259259259259259 0.009259259259259259
0 0.5601851851851852 0.18981481481481483 0.5671296296296297 0.18981481481481483 0.5671296296296297 0.19675925925925927 0.5648148148148148 0.19907407407407407 0.5601851851851852 0.19907407407407407 0.5601851851851852 0.19212962962962962