0 0.6967592592592593 0.09490740740740741 0.6990740740740741 0.09259259259259259 0.7060185185185185 0.09259259259259259 0.7060185185185185 0.09722222222222222 0.7037037037037037 0.09953703703703703 0.6990740740740741 0.09953703703703703 0.6990740740740741 0.09722222222222222
0 0.8923611111111112 0.06365740740740741 0.006944444444444444 0.006944444444444444
0 0.3101851851851852 0.6944444444444444 0.004629629629629629 0.009259259259259259
0 0.42592592592592593 0.3194444444444444 0.42824074074074076 0.32175925925925924 0.42824074074074076 0.3263888888888889 0.42592592592592593 0.3287037037037037 0.4212962962962963 0.3287037037037037 0.41898148148148145 0.3263888888888889 0.41898148148148145 0.32175925925925924 0.4236111111111111 0.3194444444444444
0 0.5972222222222222 0.02546296296296296 0.5972222222222222 0.032407407407407406 0.5902777777777778 0.032407407407407406 0.5902777777777778 0.027777777777777776 0.5949074074074074 0.02546296296296296
0 0.2511574074074074 0.7708333333333334 0.006944444444444444 0.009259259259259259
0 0.7557870370370371 0.5289351851851852 0.006944444444444444 0.006944444444444444
0 0.14699074074074073 0.6446759259259259 0.006944444444444444 0.006944444444444444
0 0.0775462962962963 0.8784722222222222 0.006944444444444444 0.006944444444444444
0 0.7881944444444444 0.7986111111111112 0.006944444444444444 0.009259259259259259
0 0.6018518518518519 0.8101851851851852 0.009259259259259259 0.009259259259259259
0 0.4131944444444444 0.53125 0.006944444444444444 0.006944444444444444
0 0.6770833333333334 0.12384259259259259 0.006944444444444444 0.006944444444444444
0 0.8113425925925926 0.35300925925925924 0.006944444444444444 0.006944444444444444