0 0.3854166666666667 0.8206018518518519 0.006944444444444444 0.011574074074074073
0 0.05092592592592592 0.27314814814814814 0.05555555555555555 0.27546296296296297 0.05555555555555555 0.2800925925925926 0.05092592592592592 0.2847222222222222 0.046296296296296294 0.2824074074074074 0.046296296296296294 0.27546296296296297 0.04861111111111111 0.27546296296296297
0 0.5370370370370371 0.2708333333333333 0.5393518518518519 0.27314814814814814 0.5393518518518519 0.2800925925925926 0.5370370370370371 0.2824074074074074 0.5324074074074074 0.2824074074074074 0.5300925925925926 0.2800925925925926 0.5300925925925926 0.27314814814814814 0.5347222222222222 0.2708333333333333
0 0.9606481481481481 0.06712962962962964 0.009259259259259259 0.009259259259259259
0 0.8958333333333334 0.9027777777777778 0.009259259259259259 0.009259259259259259
0 0.6736111111111112 0.36226851851851855 0.009259259259259259 0.011574074074074073
0 0.8773148148148148 0.06944444444444445 0.8842592592592593 0.06944444444444445 0.8842592592592593 0.07407407407407407 0.8819444444444444 0.0763888888888889 0.8796296296296297 0.0763888888888889 0.8773148148148148 0.07175925925925926
0 0.06481481481481481 0.2013888888888889 0.07175925925925926 0.2013888888888889 0.07407407407407407 0.2037037037037037 0.07175925925925926 0.21064814814814814 0.06712962962962964 0.21064814814814814 0.06481481481481481 0.20833333333333334 0.06481481481481481 0.2037037037037037
0 0.3113425925925926 0.8148148148148148 0.006944444444444444 0.009259259259259259
0 0.4074074074074074 0.6782407407407407 0.009259259259259259 0.009259259259259259
0 0.5486111111111112 0.7754629629629629 0.5555555555555556 0.7754629629629629 0.5555555555555556 0.7800925925925926 0.5486111111111112 0.7800925925925926 0.5486111111111112 0.7777777777777778
0 0.16435185185185186 0.9050925925925926 0.16666666666666666 0.9074074074074074 0.16666666666666666 0.9120370370370371 0.16203703703703703 0.9143518518518519 0.1574074074074074 0.9120370370370371 0.1574074074074074 0.9074074074074074 0.16203703703703703 0.9050925925925926
0 0.4340277777777778 0.6793981481481481 0.006944444444444444 0.006944444444444444
0 0.4351851851851852 0.46296296296296297 0.009259259259259259 0.009259259259259259
0 0.7430555555555556 0.046296296296296294 0.7430555555555556 0.05324074074074074 0.7361111111111112 0.05324074074074074 0.7361111111111112 0.04861111111111111 0.7407407407407407 0.046296296296296294
0 0.07407407407407407 0.5277777777777778 0.009259259259259259 0.009259259259259259
0 0.9305555555555556 0.10185185185185185 0.9351851851851852 0.10185185185185185 0.9351851851851852 0.1087962962962963 0.9305555555555556 0.1087962962962963 0.9305555555555556 0.10416666666666667
0 0.9340277777777778 0.9189814814814815 0.006944444444444444 0.009259259259259259
0 0.6400462962962963 0.3854166666666667 0.006944444444444444 0.006944444444444444
0 0.6018518518518519 0.6226851851851852 0.6087962962962963 0.6226851851851852 0.6087962962962963 0.6273148148148148 0.6064814814814815 0.6296296296296297 0.6018518518518519 0.6296296296296297 0.6018518518518519 0.625
0 0.6458333333333334 0.20833333333333334 0.009259259259259259 0.009259259259259259