0 0.6145833333333334 0.38773148148148145 0.011574074074074073 0.011574074074074073
0 0.8356481481481481 0.06018518518518518 0.8356481481481481 0.05555555555555555 0.8379629629629629 0.05324074074074074 0.8425925925925926 0.05555555555555555 0.8425925925925926 0.06018518518518518 0.8379629629629629 0.06018518518518518
0 0.8819444444444444 0.5543981481481481 0.009259259259259259 0.006944444444444444
0 0.9421296296296297 0.5462962962962963 0.009259259259259259 0.009259259259259259
0 0.5405092592592593 0.08101851851851852 0.006944444444444444 0.009259259259259259
0 0.9664351851851852 0.21296296296296297 0.006944444444444444 0.009259259259259259
0 0.5462962962962963 0.20601851851851852 0.5462962962962963 0.19907407407407407 0.5486111111111112 0.19675925925925927 0.5532407407407407 0.19907407407407407 0.5532407407407407 0.2037037037037037 0.5486111111111112 0.20601851851851852
0 0.8634259259259259 0.27546296296296297 0.8680555555555556 0.27546296296296297 0.8703703703703703 0.2777777777777778 0.8703703703703703 0.2824074074074074 0.8680555555555556 0.2847222222222222 0.8611111111111112 0.2800925925925926 0.8634259259259259 0.2777777777777778
0 0.7534722222222222 0.41550925925925924 0.006944444444444444 0.006944444444444444
0 0.5370370370370371 0.27199074074074076 0.009259259259259259 0.006944444444444444
0 0.7569444444444444 0.3680555555555556 0.009259259259259259 0.009259259259259259