0 0.041666666666666664 0.2523148148148148 0.009259259259259259 0.009259259259259259
0 0.6782407407407407 0.31712962962962965 0.009259259259259259 0.009259259259259259
0 0.21412037037037038 0.06018518518518518 0.006944444444444444 0.004629629629629629
0 0.10185185185185185 0.42939814814814814 0.009259259259259259 0.006944444444444444
0 0.8240740740740741 0.7129629629629629 0.8240740740740741 0.7175925925925926 0.8148148148148148 0.7175925925925926 0.8148148148148148 0.7129629629629629 0.8171296296296297 0.7106481481481481 0.8217592592592593 0.7129629629629629
0 0.6157407407407407 0.32175925925925924 0.009259259259259259 0.009259259259259259
0 0.19907407407407407 0.2361111111111111 0.2037037037037037 0.23842592592592593 0.2037037037037037 0.24305555555555555 0.19675925925925927 0.24305555555555555 0.19444444444444445 0.24074074074074073 0.19444444444444445 0.23842592592592593 0.19675925925925927 0.23842592592592593
0 0.9699074074074074 0.6365740740740741 0.009259259259259259 0.009259259259259259
0 0.16435185185185186 0.06018518518518518 0.16435185185185186 0.05555555555555555 0.16666666666666666 0.05324074074074074 0.1736111111111111 0.05787037037037037 0.1712962962962963 0.06018518518518518 0.16666666666666666 0.06018518518518518
0 0.18055555555555555 0.3368055555555556 0.009259259259259259 0.006944444444444444
0 0.7245370370370371 0.41435185185185186 0.7314814814814815 0.41435185185185186 0.7314814814814815 0.41898148148148145 0.7291666666666666 0.4212962962962963 0.7268518518518519 0.4212962962962963 0.7245370370370371 0.4166666666666667
0 0.6574074074074074 0.2013888888888889 0.6643518518518519 0.2013888888888889 0.6643518518518519 0.20601851851851852 0.6574074074074074 0.20601851851851852 0.6574074074074074 0.2037037037037037
0 0.12268518518518519 0.5740740740740741 0.12268518518518519 0.5694444444444444 0.125 0.5671296296296297 0.12962962962962962 0.5694444444444444 0.12962962962962962 0.5740740740740741 0.125 0.5740740740740741
0 0.8865740740740741 0.3298611111111111 0.009259259259259259 0.006944444444444444
0 0.37037037037037035 0.17824074074074073 0.009259259259259259 0.009259259259259259
0 0.9629629629629629 0.37037037037037035 0.009259259259259259 0.009259259259259259
0 0.38425925925925924 0.9629629629629629 0.3912037037037037 0.9629629629629629 0.3912037037037037 0.9675925925925926 0.38425925925925924 0.9675925925925926 0.38425925925925924 0.9652777777777778
0 0.020833333333333332 0.04282407407407408 0.009259259259259259 0.006944444444444444
0 0.5462962962962963 0.18055555555555555 0.009259259259259259 0.009259259259259259
0 0.2824074074074074 0.41898148148148145 0.28703703703703703 0.4212962962962963 0.28703703703703703 0.42824074074074076 0.2824074074074074 0.4305555555555556 0.27546296296296297 0.42592592592592593 0.27546296296296297 0.4212962962962963 0.2800925925925926 0.41898148148148145
0 0.4583333333333333 0.03935185185185185 0.009259259259259259 0.009259259259259259