0 0.9178240740740741 0.2974537037037037 0.006944444444444444 0.006944444444444444
0 0.6307870370370371 0.8125 0.006944444444444444 0.009259259259259259
0 0.7615740740740741 0.12731481481481483 0.7615740740740741 0.13425925925925927 0.7592592592592593 0.13657407407407407 0.7569444444444444 0.13657407407407407 0.7546296296296297 0.13194444444444445 0.7546296296296297 0.12962962962962962 0.7592592592592593 0.12731481481481483
0 0.5879629629629629 0.8125 0.5949074074074074 0.8125 0.5972222222222222 0.8148148148148148 0.5949074074074074 0.8217592592592593 0.5879629629629629 0.8194444444444444 0.5879629629629629 0.8148148148148148
0 0.5844907407407407 0.7685185185185185 0.006944444444444444 0.009259259259259259
0 0.6712962962962963 0.5763888888888888 0.6759259259259259 0.5763888888888888 0.6782407407407407 0.5787037037037037 0.6782407407407407 0.5833333333333334 0.6712962962962963 0.5833333333333334 0.6712962962962963 0.5787037037037037
0 0.8263888888888888 0.08680555555555555 0.009259259259259259 0.006944444444444444
0 0.9074074074074074 0.8078703703703703 0.009259259259259259 0.009259259259259259
0 0.9305555555555556 0.3726851851851852 0.009259259259259259 0.009259259259259259
0 0.8055555555555556 0.8587962962962963 0.009259259259259259 0.009259259259259259
0 0.12731481481481483 0.5486111111111112 0.125 0.5393518518518519 0.13194444444444445 0.5347222222222222 0.1412037037037037 0.5416666666666666 0.1412037037037037 0.5462962962962963 0.1388888888888889 0.5486111111111112 0.12962962962962962 0.5486111111111112
0 0.40046296296296297 0.1712962962962963 0.4050925925925926 0.16898148148148148 0.41203703703703703 0.1712962962962963 0.41203703703703703 0.18055555555555555 0.4074074074074074 0.18287037037037038 0.40046296296296297 0.18055555555555555 0.40046296296296297 0.1736111111111111
0 0.8148148148148148 0.7152777777777778 0.8217592592592593 0.7129629629629629 0.8263888888888888 0.7175925925925926 0.8240740740740741 0.7245370370370371 0.8171296296296297 0.7245370370370371 0.8148148148148148 0.7222222222222222 0.8148148148148148 0.7175925925925926
0 0.6655092592592593 0.7881944444444444 0.011574074074074073 0.011574074074074073
0 0.6990740740740741 0.16898148148148148 0.7037037037037037 0.1736111111111111 0.6990740740740741 0.18055555555555555 0.6921296296296297 0.17592592592592593 0.6921296296296297 0.1712962962962963 0.6967592592592593 0.16898148148148148
0 0.8611111111111112 0.22685185185185186 0.009259259259259259 0.009259259259259259