0 0.0798611111111111 0.25 0.006944444444444444 0.009259259259259259
0 0.41203703703703703 0.3611111111111111 0.4166666666666667 0.3611111111111111 0.41898148148148145 0.36342592592592593 0.4166666666666667 0.3680555555555556 0.41203703703703703 0.3680555555555556 0.41203703703703703 0.36342592592592593
0 0.06481481481481481 0.24189814814814814 0.009259259259259259 0.006944444444444444
0 0.7268518518518519 0.30092592592592593 0.7314814814814815 0.30092592592592593 0.7314814814814815 0.30787037037037035 0.7268518518518519 0.30787037037037035 0.7268518518518519 0.30324074074074076
0 0.8657407407407407 0.3819444444444444 0.8726851851851852 0.3819444444444444 0.8726851851851852 0.38657407407407407 0.8657407407407407 0.38657407407407407 0.8657407407407407 0.38425925925925924
0 0.041666666666666664 0.5972222222222222 0.041666666666666664 0.6041666666666666 0.037037037037037035 0.6041666666666666 0.034722222222222224 0.6018518518518519 0.034722222222222224 0.5995370370370371 0.03935185185185185 0.5972222222222222
0 0.13541666666666666 0.09143518518518519 0.006944444444444444 0.006944444444444444
0 0.3194444444444444 0.5115740740740741 0.009259259259259259 0.009259259259259259
0 0.1712962962962963 0.36342592592592593 0.009259259259259259 0.009259259259259259
0 0.5694444444444444 0.3541666666666667 0.5717592592592593 0.35185185185185186 0.5787037037037037 0.35185185185185186 0.5787037037037037 0.35648148148148145 0.5717592592592593 0.35648148148148145
0 0.5104166666666666 0.06481481481481481 0.006944444444444444 0.009259259259259259
0 0.15856481481481483 0.13310185185185186 0.006944444444444444 0.006944444444444444
0 0.03356481481481482 0.6793981481481481 0.006944444444444444 0.006944444444444444
0 0.3923611111111111 0.4444444444444444 0.006944444444444444 0.009259259259259259
0 0.023148148148148147 0.1875 0.03009259259259259 0.1875 0.03009259259259259 0.19444444444444445 0.02546296296296296 0.19444444444444445 0.023148148148148147 0.18981481481481483
0 0.2361111111111111 0.8703703703703703 0.009259259259259259 0.009259259259259259
0 0.19675925925925927 0.7638888888888888 0.2037037037037037 0.7638888888888888 0.20601851851851852 0.7662037037037037 0.2037037037037037 0.7708333333333334 0.19675925925925927 0.7708333333333334 0.19675925925925927 0.7662037037037037
0 0.19907407407407407 0.2604166666666667 0.009259259259259259 0.006944444444444444
0 0.3449074074074074 0.43287037037037035 0.34953703703703703 0.43287037037037035 0.35185185185185186 0.4375 0.34953703703703703 0.4398148148148148 0.3449074074074074 0.4398148148148148 0.3449074074074074 0.4351851851851852
0 0.2465277777777778 0.5416666666666666 0.006944444444444444 0.009259259259259259
0 0.6921296296296297 0.4722222222222222 0.009259259259259259 0.009259259259259259
0 0.25462962962962965 0.7083333333333334 0.009259259259259259 0.009259259259259259
0 0.2673611111111111 0.39351851851851855 0.006944444444444444 0.009259259259259259
0 0.8587962962962963 0.35648148148148145 0.009259259259259259 0.009259259259259259
0 0.1909722222222222 0.10300925925925926 0.006944444444444444 0.006944444444444444
0 0.9583333333333334 0.3090277777777778 0.004629629629629629 0.006944444444444444
0 0.6134259259259259 0.6666666666666666 0.013888888888888888 0.013888888888888888
0 0.12384259259259259 0.08101851851851852 0.006944444444444444 0.009259259259259259
0 0.5856481481481481 0.02546296296296296 0.5879629629629629 0.034722222222222224 0.5810185185185185 0.034722222222222224 0.5810185185185185 0.03009259259259259 0.5833333333333334 0.027777777777777776
0 0.6516203703703703 0.08796296296296297 0.006944444444444444 0.009259259259259259
0 0.7881944444444444 0.2534722222222222 0.006944444444444444 0.006944444444444444
0 0.6944444444444444 0.006944444444444444 0.7013888888888888 0.006944444444444444 0.7013888888888888 0.011574074074074073 0.6944444444444444 0.011574074074074073 0.6944444444444444 0.009259259259259259
0 0.9409722222222222 0.4826388888888889 0.006944444444444444 0.006944444444444444