0 0.7337962962962963 0.24074074074074073 0.009259259259259259 0.009259259259259259
0 0.5868055555555556 0.0798611111111111 0.006944444444444444 0.006944444444444444
0 0.03935185185185185 0.8993055555555556 0.009259259259259259 0.006944444444444444
0 0.8217592592592593 0.9409722222222222 0.009259259259259259 0.006944444444444444
0 0.016203703703703703 0.9212962962962963 0.018518518518518517 0.9259259259259259 0.016203703703703703 0.9305555555555556 0.011574074074074073 0.9305555555555556 0.009259259259259259 0.9282407407407407 0.009259259259259259 0.9236111111111112 0.013888888888888888 0.9212962962962963
0 0.9594907407407407 0.8703703703703703 0.006944444444444444 0.004629629629629629
0 0.5196759259259259 0.6724537037037037 0.006944444444444444 0.006944444444444444
0 0.71875 0.8946759259259259 0.006944444444444444 0.006944444444444444
0 0.27546296296296297 0.5694444444444444 0.009259259259259259 0.009259259259259259
0 0.6736111111111112 0.3599537037037037 0.009259259259259259 0.006944444444444444
0 0.11689814814814815 0.5138888888888888 0.006944444444444444 0.009259259259259259
0 0.5115740740740741 0.14814814814814814 0.009259259259259259 0.009259259259259259
0 0.6828703703703703 0.6215277777777778 0.009259259259259259 0.006944444444444444
0 0.5451388888888888 0.6238425925925926 0.006944444444444444 0.006944444444444444
0 0.6944444444444444 0.30324074074074076 0.6990740740740741 0.30324074074074076 0.6990740740740741 0.3101851851851852 0.6944444444444444 0.3101851851851852 0.6944444444444444 0.3055555555555556
0 0.7939814814814815 0.3576388888888889 0.009259259259259259 0.006944444444444444
0 0.24074074074074073 0.6122685185185185 0.009259259259259259 0.006944444444444444
0 0.14351851851851852 0.9270833333333334 0.009259259259259259 0.011574074074074073
0 0.20833333333333334 0.9016203703703703 0.009259259259259259 0.006944444444444444