0 0.06481481481481481 0.2824074074074074 0.009259259259259259 0.013888888888888888
0 0.9548611111111112 0.24189814814814814 0.006944444444444444 0.006944444444444444
0 0.7835648148148148 0.6574074074074074 0.011574074074074073 0.009259259259259259
0 0.3194444444444444 0.46296296296296297 0.3263888888888889 0.46296296296296297 0.3287037037037037 0.4652777777777778 0.32407407407407407 0.4722222222222222 0.3194444444444444 0.4699074074074074 0.3194444444444444 0.4652777777777778
0 0.8634259259259259 0.8634259259259259 0.8680555555555556 0.8657407407407407 0.8680555555555556 0.8726851851851852 0.8611111111111112 0.8726851851851852 0.8611111111111112 0.8680555555555556 0.8634259259259259 0.8657407407407407
0 0.016203703703703703 0.2569444444444444 0.009259259259259259 0.009259259259259259
0 0.35300925925925924 0.7569444444444444 0.006944444444444444 0.009259259259259259
0 0.04398148148148148 0.6111111111111112 0.04861111111111111 0.6111111111111112 0.05092592592592592 0.6157407407407407 0.04861111111111111 0.6203703703703703 0.041666666666666664 0.6203703703703703 0.041666666666666664 0.6157407407407407 0.04398148148148148 0.6134259259259259
0 0.2199074074074074 0.49074074074074076 0.22685185185185186 0.49074074074074076 0.22685185185185186 0.49537037037037035 0.22453703703703703 0.4976851851851852 0.2222222222222222 0.4976851851851852 0.2199074074074074 0.4930555555555556
0 0.6574074074074074 0.5914351851851852 0.009259259259259259 0.006944444444444444
0 0.4166666666666667 0.38425925925925924 0.4166666666666667 0.3912037037037037 0.41203703703703703 0.3912037037037037 0.4097222222222222 0.3888888888888889 0.4097222222222222 0.38657407407407407 0.41435185185185186 0.38425925925925924
0 0.6018518518518519 0.14351851851851852 0.009259259259259259 0.009259259259259259
0 0.4479166666666667 0.6770833333333334 0.006944444444444444 0.006944444444444444
0 0.9884259259259259 0.5486111111111112 0.9884259259259259 0.5416666666666666 0.9907407407407407 0.5393518518518519 0.9953703703703703 0.5416666666666666 0.9953703703703703 0.5486111111111112 0.9907407407407407 0.5486111111111112
0 0.49074074074074076 0.6932870370370371 0.009259259259259259 0.006944444444444444
0 0.5393518518518519 0.2824074074074074 0.5462962962962963 0.2824074074074074 0.5486111111111112 0.28703703703703703 0.5462962962962963 0.2916666666666667 0.5393518518518519 0.2916666666666667 0.5393518518518519 0.2847222222222222
0 0.625 0.07175925925925926 0.009259259259259259 0.009259259259259259