0 0.06597222222222222 0.4618055555555556 0.006944444444444444 0.006944444444444444
0 0.14930555555555555 0.5358796296296297 0.006944444444444444 0.006944444444444444
0 0.02199074074074074 0.5567129629629629 0.006944444444444444 0.006944444444444444
0 0.11921296296296297 0.7928240740740741 0.006944444444444444 0.006944444444444444
0 0.06597222222222222 0.8020833333333334 0.006944444444444444 0.006944444444444444
0 0.0775462962962963 0.5636574074074074 0.006944444444444444 0.006944444444444444
0 0.15046296296296297 0.3599537037037037 0.009259259259259259 0.006944444444444444
0 0.3425925925925926 0.1388888888888889 0.3425925925925926 0.14583333333333334 0.33796296296296297 0.14583333333333334 0.33564814814814814 0.14351851851851852 0.33564814814814814 0.1412037037037037 0.3402777777777778 0.1388888888888889
0 0.09837962962962964 0.48842592592592593 0.006944444444444444 0.009259259259259259
0 0.23842592592592593 0.11689814814814815 0.004629629629629629 0.006944444444444444
0 0.011574074074074073 0.017361111111111112 0.009259259259259259 0.006944444444444444