0 0.6145833333333334 0.25578703703703703 0.006944444444444444 0.006944444444444444
0 0.7743055555555556 0.04050925925925926 0.006944444444444444 0.006944444444444444
0 0.8402777777777778 0.5370370370370371 0.8425925925925926 0.5393518518518519 0.8425925925925926 0.5486111111111112 0.8310185185185185 0.5486111111111112 0.8310185185185185 0.5416666666666666 0.8379629629629629 0.5370370370370371
0 0.8912037037037037 0.03125 0.009259259259259259 0.006944444444444444
0 0.3449074074074074 0.6064814814814815 0.34953703703703703 0.6134259259259259 0.3472222222222222 0.6157407407407407 0.3402777777777778 0.6157407407407407 0.3402777777777778 0.6087962962962963 0.3425925925925926 0.6087962962962963
0 0.1724537037037037 0.3576388888888889 0.006944444444444444 0.006944444444444444
0 0.23842592592592593 0.7129629629629629 0.24537037037037038 0.7106481481481481 0.24768518518518517 0.7129629629629629 0.24768518518518517 0.7175925925925926 0.24074074074074073 0.7175925925925926 0.24074074074074073 0.7152777777777778
0 0.9803240740740741 0.16087962962962962 0.006944444444444444 0.006944444444444444
0 0.5208333333333334 0.5532407407407407 0.5231481481481481 0.5509259259259259 0.5300925925925926 0.5509259259259259 0.5300925925925926 0.5578703703703703 0.5231481481481481 0.5578703703703703 0.5231481481481481 0.5555555555555556
0 0.7893518518518519 0.5 0.7893518518518519 0.5069444444444444 0.7847222222222222 0.5069444444444444 0.7824074074074074 0.5046296296296297 0.7824074074074074 0.5023148148148148 0.7870370370370371 0.5
0 0.9293981481481481 0.27546296296296297 0.006944444444444444 0.009259259259259259
0 0.20717592592592593 0.8796296296296297 0.006944444444444444 0.004629629629629629