0 0.47337962962962965 0.5497685185185185 0.006944444444444444 0.006944444444444444
0 0.6527777777777778 0.34953703703703703 0.009259259259259259 0.009259259259259259
0 0.16782407407407407 0.8240740740740741 0.006944444444444444 0.009259259259259259
0 0.3263888888888889 0.13657407407407407 0.3333333333333333 0.13194444444444445 0.33796296296296297 0.13657407407407407 0.33564814814814814 0.1388888888888889 0.33564814814814814 0.14351851851851852 0.3287037037037037 0.14351851851851852 0.3287037037037037 0.1388888888888889
0 0.5462962962962963 0.3993055555555556 0.009259259259259259 0.006944444444444444
0 0.3263888888888889 0.1863425925925926 0.009259259259259259 0.006944444444444444
0 0.0625 0.4050925925925926 0.009259259259259259 0.009259259259259259
0 0.9398148148148148 0.7754629629629629 0.009259259259259259 0.009259259259259259
0 0.2881944444444444 0.9236111111111112 0.006944444444444444 0.009259259259259259
0 0.5196759259259259 0.7002314814814815 0.006944444444444444 0.006944444444444444
0 0.8298611111111112 0.9097222222222222 0.006944444444444444 0.004629629629629629
0 0.04861111111111111 0.6284722222222222 0.009259259259259259 0.006944444444444444
0 0.3773148148148148 0.14467592592592593 0.009259259259259259 0.006944444444444444
0 0.9583333333333334 0.5659722222222222 0.009259259259259259 0.006944444444444444
0 0.5138888888888888 0.11226851851851852 0.009259259259259259 0.006944444444444444