0 0.48148148148148145 0.5787037037037037 0.009259259259259259 0.009259259259259259
0 0.3125 0.8611111111111112 0.3125 0.8541666666666666 0.3148148148148148 0.8518518518518519 0.3194444444444444 0.8541666666666666 0.3194444444444444 0.8611111111111112 0.3148148148148148 0.8611111111111112
0 0.11226851851851852 0.23726851851851852 0.006944444444444444 0.006944444444444444
0 0.4444444444444444 0.24537037037037038 0.44907407407407407 0.24537037037037038 0.44907407407407407 0.2523148148148148 0.4444444444444444 0.2523148148148148 0.4444444444444444 0.24768518518518517
0 0.26851851851851855 0.046296296296296294 0.2708333333333333 0.05555555555555555 0.2638888888888889 0.05555555555555555 0.2638888888888889 0.05092592592592592 0.26157407407407407 0.04861111111111111 0.2662037037037037 0.046296296296296294
0 0.8344907407407407 0.027777777777777776 0.006944444444444444 0.009259259259259259
0 0.9803240740740741 0.7638888888888888 0.006944444444444444 0.009259259259259259
0 0.1701388888888889 0.8090277777777778 0.006944444444444444 0.006944444444444444
0 0.36574074074074076 0.2037037037037037 0.009259259259259259 0.009259259259259259
0 0.5729166666666666 0.12152777777777778 0.006944444444444444 0.006944444444444444
0 0.9166666666666666 0.8715277777777778 0.004629629629629629 0.006944444444444444
0 0.12384259259259259 0.6458333333333334 0.006944444444444444 0.009259259259259259
0 0.6435185185185185 0.90625 0.009259259259259259 0.011574074074074073