0 0.8842592592592593 0.5046296296296297 0.009259259259259259 0.009259259259259259
0 0.07407407407407407 0.41550925925925924 0.009259259259259259 0.006944444444444444
0 0.4513888888888889 0.42824074074074076 0.45601851851851855 0.42824074074074076 0.45601851851851855 0.4351851851851852 0.4513888888888889 0.4351851851851852 0.4513888888888889 0.4305555555555556
0 0.49537037037037035 0.4444444444444444 0.4976851851851852 0.44675925925925924 0.4976851851851852 0.4537037037037037 0.4930555555555556 0.4537037037037037 0.4930555555555556 0.44675925925925924
0 0.5243055555555556 0.30787037037037035 0.006944444444444444 0.009259259259259259
0 0.5057870370370371 0.06365740740740741 0.006944444444444444 0.006944444444444444
0 0.5833333333333334 0.6759259259259259 0.5879629629629629 0.6759259259259259 0.5879629629629629 0.6828703703703703 0.5833333333333334 0.6828703703703703 0.5833333333333334 0.6782407407407407
0 0.10185185185185185 0.9699074074074074 0.009259259259259259 0.009259259259259259
0 0.49189814814814814 0.2152777777777778 0.006944444444444444 0.009259259259259259
0 0.29050925925925924 0.4340277777777778 0.006944444444444444 0.006944444444444444
0 0.37037037037037035 0.14814814814814814 0.375 0.14814814814814814 0.375 0.1550925925925926 0.37037037037037035 0.1550925925925926 0.37037037037037035 0.15046296296296297
0 0.44212962962962965 0.03935185185185185 0.009259259259259259 0.009259259259259259
0 0.6574074074074074 0.6087962962962963 0.6574074074074074 0.6157407407407407 0.6504629629629629 0.6157407407407407 0.6504629629629629 0.6111111111111112 0.6550925925925926 0.6087962962962963
0 0.7777777777777778 0.6921296296296297 0.004629629629629629 0.009259259259259259
0 0.13773148148148148 0.1574074074074074 0.006944444444444444 0.009259259259259259
0 0.9120370370370371 0.4074074074074074 0.9166666666666666 0.4074074074074074 0.9166666666666666 0.41435185185185186 0.9143518518518519 0.4166666666666667 0.9097222222222222 0.41435185185185186 0.9120370370370371 0.4097222222222222