0 0.041666666666666664 0.3449074074074074 0.009259259259259259 0.009259259259259259
0 0.18055555555555555 0.5995370370370371 0.009259259259259259 0.009259259259259259
0 0.09837962962962964 0.2951388888888889 0.006944444444444444 0.006944444444444444
0 0.023148148148148147 0.9027777777777778 0.023148148148148147 0.8981481481481481 0.02546296296296296 0.8958333333333334 0.03009259259259259 0.8981481481481481 0.03009259259259259 0.9027777777777778 0.02546296296296296 0.9027777777777778
0 0.21064814814814814 0.8425925925925926 0.21064814814814814 0.8356481481481481 0.21296296296296297 0.8333333333333334 0.2175925925925926 0.8356481481481481 0.2175925925925926 0.8425925925925926 0.21296296296296297 0.8425925925925926
0 0.5462962962962963 0.6666666666666666 0.5532407407407407 0.6666666666666666 0.5532407407407407 0.6712962962962963 0.5462962962962963 0.6712962962962963 0.5462962962962963 0.6689814814814815
0 0.5717592592592593 0.7847222222222222 0.009259259259259259 0.009259259259259259
0 0.6226851851851852 0.7777777777777778 0.009259259259259259 0.009259259259259259
0 0.10648148148148148 0.8518518518518519 0.10648148148148148 0.8449074074074074 0.1087962962962963 0.8425925925925926 0.11342592592592593 0.8449074074074074 0.11342592592592593 0.8495370370370371 0.1087962962962963 0.8518518518518519
0 0.7974537037037037 0.5289351851851852 0.016203703703703703 0.016203703703703703
0 0.0763888888888889 0.33912037037037035 0.009259259259259259 0.006944444444444444
0 0.5520833333333334 0.6006944444444444 0.006944444444444444 0.006944444444444444
0 0.6087962962962963 0.65625 0.009259259259259259 0.006944444444444444
0 0.004629629629629629 0.9444444444444444 0.011574074074074073 0.9444444444444444 0.011574074074074073 0.9490740740740741 0.009259259259259259 0.9513888888888888 0.006944444444444444 0.9513888888888888 0.004629629629629629 0.9467592592592593
0 0.009259259259259259 0.28703703703703703 0.011574074074074073 0.28935185185185186 0.009259259259259259 0.29398148148148145 0.0023148148148148147 0.29398148148148145 0 0.2916666666666667 0 0.28935185185185186 0.006944444444444444 0.28703703703703703
0 0.7569444444444444 0.4976851851851852 0.7662037037037037 0.4976851851851852 0.7685185185185185 0.5 0.7662037037037037 0.5046296296296297 0.7569444444444444 0.5046296296296297 0.7569444444444444 0.5
0 0.41203703703703703 0.023148148148148147 0.41898148148148145 0.02546296296296296 0.4166666666666667 0.03009259259259259 0.41203703703703703 0.03009259259259259 0.41203703703703703 0.02546296296296296
0 0.46064814814814814 0.6180555555555556 0.46296296296296297 0.6203703703703703 0.46064814814814814 0.6273148148148148 0.45601851851851855 0.6273148148148148 0.4537037037037037 0.625 0.4537037037037037 0.6203703703703703 0.4583333333333333 0.6180555555555556
0 0.6087962962962963 0.19444444444444445 0.6157407407407407 0.19444444444444445 0.6157407407407407 0.19907407407407407 0.6087962962962963 0.19907407407407407 0.6087962962962963 0.19675925925925927
0 0.5810185185185185 0.047453703703703706 0.009259259259259259 0.006944444444444444
0 0.2523148148148148 0.7754629629629629 0.009259259259259259 0.009259259259259259