0 0.43287037037037035 0.8217592592592593 0.009259259259259259 0.009259259259259259
0 0.9490740740740741 0.09027777777777778 0.009259259259259259 0.009259259259259259
0 0.6782407407407407 0.6550925925925926 0.6782407407407407 0.6504629629629629 0.6805555555555556 0.6481481481481481 0.6851851851851852 0.6504629629629629 0.6851851851851852 0.6550925925925926 0.6805555555555556 0.6550925925925926
0 0.24074074074074073 0.16550925925925927 0.009259259259259259 0.006944444444444444
0 0.059027777777777776 0.6678240740740741 0.006944444444444444 0.006944444444444444
0 0.33796296296296297 0.5046296296296297 0.009259259259259259 0.009259259259259259
0 0.875 0.009259259259259259 0.8796296296296297 0.009259259259259259 0.8819444444444444 0.011574074074074073 0.8819444444444444 0.016203703703703703 0.8773148148148148 0.018518518518518517 0.8726851851851852 0.013888888888888888 0.875 0.011574074074074073
0 0.5474537037037037 0.7905092592592593 0.006944444444444444 0.006944444444444444
0 0.3125 0.8981481481481481 0.31712962962962965 0.9004629629629629 0.31712962962962965 0.9097222222222222 0.3148148148148148 0.9120370370370371 0.3101851851851852 0.9120370370370371 0.30787037037037035 0.9097222222222222 0.30787037037037035 0.9004629629629629 0.3101851851851852 0.9004629629629629
0 0.3148148148148148 0.2361111111111111 0.009259259259259259 0.009259259259259259
0 0.34953703703703703 0.6342592592592593 0.35185185185185186 0.6388888888888888 0.35185185185185186 0.6458333333333334 0.34953703703703703 0.6481481481481481 0.3449074074074074 0.6481481481481481 0.3402777777777778 0.6435185185185185 0.3402777777777778 0.6388888888888888 0.3472222222222222 0.6342592592592593
0 0.27546296296296297 0.21875 0.009259259259259259 0.011574074074074073
0 0.9097222222222222 0.0798611111111111 0.009259259259259259 0.006944444444444444
0 0.32060185185185186 0.7662037037037037 0.006944444444444444 0.009259259259259259
0 0.6481481481481481 0.4305555555555556 0.6458333333333334 0.42592592592592593 0.6527777777777778 0.4212962962962963 0.6527777777777778 0.42824074074074076 0.6504629629629629 0.42824074074074076
0 0.6516203703703703 0.5694444444444444 0.011574074074074073 0.013888888888888888
0 0.17939814814814814 0.5798611111111112 0.006944444444444444 0.006944444444444444
0 0.48148148148148145 0.9490740740740741 0.4861111111111111 0.9490740740740741 0.4861111111111111 0.9560185185185185 0.48148148148148145 0.9560185185185185 0.48148148148148145 0.9513888888888888
0 0.9409722222222222 0.3368055555555556 0.006944444444444444 0.006944444444444444
0 0.3055555555555556 0.2037037037037037 0.3101851851851852 0.2037037037037037 0.3101851851851852 0.21064814814814814 0.3055555555555556 0.21064814814814814 0.3055555555555556 0.20601851851851852
0 0.5324074074074074 0.8333333333333334 0.5370370370370371 0.8379629629629629 0.5370370370370371 0.8425925925925926 0.5324074074074074 0.8425925925925926 0.5300925925925926 0.8402777777777778 0.5324074074074074 0.8356481481481481
0 0.8530092592592593 0.5891203703703703 0.006944444444444444 0.006944444444444444
0 0.4537037037037037 0.1527777777777778 0.4583333333333333 0.1574074074074074 0.4583333333333333 0.16203703703703703 0.4513888888888889 0.16203703703703703 0.4513888888888889 0.1550925925925926