0 0.7233796296296297 0.04398148148148148 0.006944444444444444 0.009259259259259259
0 0.05324074074074074 0.3148148148148148 0.05787037037037037 0.3194444444444444 0.05787037037037037 0.3263888888888889 0.05324074074074074 0.33101851851851855 0.046296296296296294 0.33101851851851855 0.041666666666666664 0.32407407407407407 0.041666666666666664 0.3194444444444444 0.05092592592592592 0.3148148148148148
0 0.6597222222222222 0.33796296296296297 0.6643518518518519 0.33796296296296297 0.6666666666666666 0.3402777777777778 0.6666666666666666 0.3449074074074074 0.6597222222222222 0.3449074074074074 0.6597222222222222 0.3402777777777778
0 0.3125 0.4722222222222222 0.32175925925925924 0.47453703703703703 0.31712962962962965 0.4791666666666667 0.3125 0.4791666666666667 0.3125 0.47453703703703703
0 0.44675925925925924 0.47685185185185186 0.009259259259259259 0.009259259259259259
0 0.9398148148148148 0.5277777777777778 0.009259259259259259 0.009259259259259259
0 0.5694444444444444 0.6712962962962963 0.009259259259259259 0.009259259259259259
0 0.006944444444444444 0.7708333333333334 0.013888888888888888 0.013888888888888888
0 0.5706018518518519 0.23032407407407407 0.011574074074074073 0.011574074074074073
0 0.48148148148148145 0.3726851851851852 0.49074074074074076 0.3726851851851852 0.49074074074074076 0.37962962962962965 0.4861111111111111 0.3819444444444444 0.48148148148148145 0.3819444444444444 0.48148148148148145 0.375
0 0.9664351851851852 0.16550925925925927 0.006944444444444444 0.006944444444444444
0 0.9166666666666666 0.3101851851851852 0.9212962962962963 0.3125 0.9212962962962963 0.3148148148148148 0.9189814814814815 0.31712962962962965 0.9143518518518519 0.31712962962962965 0.9120370370370371 0.3148148148148148 0.9120370370370371 0.3125 0.9143518518518519 0.3125