0 0.5428240740740741 0.5381944444444444 0.006944444444444444 0.006944444444444444
0 0.9652777777777778 0.08333333333333333 0.9699074074074074 0.08333333333333333 0.9722222222222222 0.08564814814814815 0.9699074074074074 0.09259259259259259 0.9652777777777778 0.09259259259259259 0.9652777777777778 0.08564814814814815
0 0.7534722222222222 0.6053240740740741 0.006944444444444444 0.006944444444444444
0 0.5810185185185185 0.40046296296296297 0.5810185185185185 0.4074074074074074 0.5787037037037037 0.4097222222222222 0.5763888888888888 0.4097222222222222 0.5740740740740741 0.4050925925925926 0.5740740740740741 0.4027777777777778 0.5787037037037037 0.40046296296296297
0 0.9004629629629629 0.24537037037037038 0.009259259259259259 0.009259259259259259
0 0.5949074074074074 0.19444444444444445 0.6018518518518519 0.19444444444444445 0.6018518518518519 0.19907407407407407 0.5995370370370371 0.2013888888888889 0.5949074074074074 0.19907407407407407 0.5949074074074074 0.19675925925925927
0 0.4895833333333333 0.5115740740740741 0.006944444444444444 0.004629629629629629
0 0.06597222222222222 0.7129629629629629 0.006944444444444444 0.009259259259259259
0 0.9490740740740741 0.47453703703703703 0.009259259259259259 0.009259259259259259
0 0.3425925925925926 0.7129629629629629 0.34953703703703703 0.7129629629629629 0.34953703703703703 0.7199074074074074 0.3472222222222222 0.7222222222222222 0.3425925925925926 0.7199074074074074 0.3425925925925926 0.7152777777777778
0 0.7905092592592593 0.9791666666666666 0.006944444444444444 0.009259259259259259
0 0.6979166666666666 0.061342592592592594 0.006944444444444444 0.006944444444444444
0 0.05555555555555555 0.6666666666666666 0.009259259259259259 0.009259259259259259
0 0.6898148148148148 0.5405092592592593 0.009259259259259259 0.011574074074074073
0 0.9884259259259259 0.35648148148148145 0.009259259259259259 0.009259259259259259
0 0.8043981481481481 0.7800925925925926 0.006944444444444444 0.009259259259259259
0 0.6550925925925926 0.09490740740740741 0.6574074074074074 0.09722222222222222 0.6550925925925926 0.10416666666666667 0.6504629629629629 0.10416666666666667 0.6481481481481481 0.09953703703703703 0.6481481481481481 0.09722222222222222 0.6527777777777778 0.09490740740740741
0 0.78125 0.34837962962962965 0.006944444444444444 0.006944444444444444
0 0.6087962962962963 0.9641203703703703 0.004629629629629629 0.006944444444444444
0 0.3194444444444444 0.7673611111111112 0.009259259259259259 0.006944444444444444