0 0.6319444444444444 0.027777777777777776 0.6365740740740741 0.027777777777777776 0.6388888888888888 0.03009259259259259 0.6388888888888888 0.037037037037037035 0.6319444444444444 0.037037037037037035 0.6319444444444444 0.03009259259259259
0 0.6620370370370371 0.20833333333333334 0.6574074074074074 0.2152777777777778 0.6527777777777778 0.20833333333333334 0.6550925925925926 0.20601851851851852 0.6597222222222222 0.20833333333333334
0 0.4074074074074074 0.21296296296296297 0.4166666666666667 0.21296296296296297 0.41898148148148145 0.2152777777777778 0.41898148148148145 0.2199074074074074 0.4166666666666667 0.2222222222222222 0.41203703703703703 0.2222222222222222 0.4074074074074074 0.2152777777777778
0 0.44675925925925924 0.14583333333333334 0.44907407407407407 0.14814814814814814 0.44907407407407407 0.1527777777777778 0.4444444444444444 0.1574074074074074 0.4375 0.1550925925925926 0.4375 0.14814814814814814 0.4444444444444444 0.14583333333333334
0 0.027777777777777776 0.011574074074074073 0.009259259259259259 0.009259259259259259
0 0.16666666666666666 0.21180555555555555 0.018518518518518517 0.016203703703703703
0 0.3472222222222222 0.04398148148148148 0.009259259259259259 0.013888888888888888
0 0.27314814814814814 0.027777777777777776 0.2800925925925926 0.027777777777777776 0.2824074074074074 0.03009259259259259 0.2824074074074074 0.034722222222222224 0.2800925925925926 0.037037037037037035 0.27546296296296297 0.037037037037037035 0.27314814814814814 0.03009259259259259
0 0.4444444444444444 0.22685185185185186 0.4537037037037037 0.22685185185185186 0.4537037037037037 0.22916666666666666 0.4444444444444444 0.22916666666666666
0 0.48842592592592593 0.02546296296296296 0.49537037037037035 0.02546296296296296 0.4976851851851852 0.027777777777777776 0.49537037037037035 0.032407407407407406 0.49074074074074076 0.032407407407407406 0.48842592592592593 0.027777777777777776
0 0.6145833333333334 0.19328703703703703 0.006944444444444444 0.006944444444444444