0 0.9675925925925926 0.14583333333333334 0.9699074074074074 0.14814814814814814 0.9699074074074074 0.1527777777777778 0.9652777777777778 0.1550925925925926 0.9629629629629629 0.1527777777777778 0.9629629629629629 0.14814814814814814 0.9652777777777778 0.14814814814814814
0 0.3159722222222222 0.5231481481481481 0.006944444444444444 0.009259259259259259
0 0.22453703703703703 0.1111111111111111 0.22453703703703703 0.11805555555555555 0.2199074074074074 0.12037037037037036 0.2199074074074074 0.11342592592592593 0.2222222222222222 0.11342592592592593
0 0.4363425925925926 0.7083333333333334 0.006944444444444444 0.009259259259259259
0 0.6863425925925926 0.4050925925925926 0.006944444444444444 0.009259259259259259
0 0.46296296296296297 0.020833333333333332 0.4699074074074074 0.018518518518518517 0.47453703703703703 0.023148148148148147 0.4699074074074074 0.03009259259259259 0.4652777777777778 0.03009259259259259 0.46296296296296297 0.027777777777777776 0.46296296296296297 0.023148148148148147
0 0.7534722222222222 0.7916666666666666 0.006944444444444444 0.004629629629629629
0 0.1099537037037037 0.3541666666666667 0.006944444444444444 0.004629629629629629
0 0.4224537037037037 0.27662037037037035 0.006944444444444444 0.006944444444444444
0 0.9386574074074074 0.13773148148148148 0.006944444444444444 0.006944444444444444
0 0.6759259259259259 0.24768518518518517 0.6805555555555556 0.25 0.6805555555555556 0.25925925925925924 0.6782407407407407 0.26157407407407407 0.6736111111111112 0.26157407407407407 0.6666666666666666 0.25462962962962965 0.6736111111111112 0.25
0 0.7303240740740741 0.7106481481481481 0.006944444444444444 0.004629629629629629
0 0.8321759259259259 0.35648148148148145 0.006944444444444444 0.009259259259259259
0 0.6539351851851852 0.8113425925925926 0.006944444444444444 0.006944444444444444
0 0.9907407407407407 0.35532407407407407 0.009259259259259259 0.011574074074074073
0 0.8043981481481481 0.49189814814814814 0.006944444444444444 0.006944444444444444