0 0.5775462962962963 0.6898148148148148 0.011574074074074073 0.009259259259259259
0 0.1423611111111111 0.8402777777777778 0.006944444444444444 0.009259259259259259
0 0.8703703703703703 0.018518518518518517 0.875 0.020833333333333332 0.875 0.02546296296296296 0.8680555555555556 0.02546296296296296 0.8680555555555556 0.020833333333333332
0 0.5821759259259259 0.45601851851851855 0.011574074074074073 0.009259259259259259
0 0.9479166666666666 0.8900462962962963 0.006944444444444444 0.011574074074074073
0 0.7175925925925926 0.2337962962962963 0.7268518518518519 0.2337962962962963 0.7291666666666666 0.2361111111111111 0.7291666666666666 0.24305555555555555 0.7245370370370371 0.24537037037037038 0.7199074074074074 0.24537037037037038 0.7152777777777778 0.24074074074074073 0.7175925925925926 0.2361111111111111
0 0.032407407407407406 0.3425925925925926 0.009259259259259259 0.009259259259259259
0 0.3506944444444444 0.3275462962962963 0.011574074074074073 0.011574074074074073
0 0.28703703703703703 0.041666666666666664 0.28935185185185186 0.04398148148148148 0.28935185185185186 0.04861111111111111 0.28703703703703703 0.05092592592592592 0.2824074074074074 0.04861111111111111 0.2824074074074074 0.04398148148148148 0.2847222222222222 0.04398148148148148
0 0.06481481481481481 0.5370370370370371 0.06712962962962964 0.5393518518518519 0.06481481481481481 0.5462962962962963 0.06018518518518518 0.5462962962962963 0.05787037037037037 0.5439814814814815 0.05787037037037037 0.5393518518518519 0.0625 0.5370370370370371
0 0.5393518518518519 0.5462962962962963 0.5416666666666666 0.5509259259259259 0.5370370370370371 0.5555555555555556 0.5324074074074074 0.5532407407407407 0.5324074074074074 0.5486111111111112 0.5370370370370371 0.5462962962962963
0 0.8472222222222222 0.5972222222222222 0.8495370370370371 0.5995370370370371 0.8495370370370371 0.6041666666666666 0.8472222222222222 0.6064814814814815 0.8425925925925926 0.6064814814814815 0.8402777777777778 0.6041666666666666 0.8402777777777778 0.5995370370370371 0.8449074074074074 0.5972222222222222
0 0.4409722222222222 0.19212962962962962 0.006944444444444444 0.009259259259259259
0 0.04398148148148148 0.8217592592592593 0.05092592592592592 0.8217592592592593 0.05092592592592592 0.8287037037037037 0.04398148148148148 0.8287037037037037 0.04398148148148148 0.8240740740740741
0 0.21296296296296297 0.12731481481481483 0.2175925925925926 0.12731481481481483 0.2175925925925926 0.13425925925925927 0.21296296296296297 0.13425925925925927 0.21296296296296297 0.12962962962962962
0 0.19444444444444445 0.9120370370370371 0.2013888888888889 0.9074074074074074 0.2037037037037037 0.9097222222222222 0.2037037037037037 0.9143518518518519 0.2013888888888889 0.9166666666666666 0.19675925925925927 0.9143518518518519
0 0.5231481481481481 0.7199074074074074 0.5300925925925926 0.7199074074074074 0.5324074074074074 0.7222222222222222 0.5324074074074074 0.7268518518518519 0.5300925925925926 0.7291666666666666 0.5254629629629629 0.7291666666666666 0.5231481481481481 0.7268518518518519 0.5231481481481481 0.7222222222222222
0 0.11342592592592593 0.8935185185185185 0.11574074074074074 0.8958333333333334 0.11574074074074074 0.9004629629629629 0.11342592592592593 0.9027777777777778 0.10648148148148148 0.8981481481481481 0.10648148148148148 0.8958333333333334 0.1111111111111111 0.8935185185185185
0 0.2152777777777778 0.2569444444444444 0.2152777777777778 0.2662037037037037 0.21296296296296297 0.26851851851851855 0.20833333333333334 0.26851851851851855 0.2037037037037037 0.2638888888888889 0.2037037037037037 0.25925925925925924 0.20601851851851852 0.2569444444444444 0.21296296296296297 0.2569444444444444
0 0.9409722222222222 0.31712962962962965 0.006944444444444444 0.009259259259259259
0 0.16898148148148148 0.8842592592592593 0.1712962962962963 0.8819444444444444 0.17824074074074073 0.8819444444444444 0.17824074074074073 0.8865740740740741 0.17592592592592593 0.8888888888888888 0.1712962962962963 0.8888888888888888 0.1712962962962963 0.8865740740740741
0 0.7789351851851852 0.9189814814814815 0.006944444444444444 0.009259259259259259
0 0.6550925925925926 0.8171296296296297 0.6620370370370371 0.8217592592592593 0.6620370370370371 0.8240740740740741 0.6550925925925926 0.8240740740740741 0.6550925925925926 0.8194444444444444
0 0.36921296296296297 0.9618055555555556 0.006944444444444444 0.006944444444444444
0 0.6620370370370371 0.2048611111111111 0.009259259259259259 0.006944444444444444
0 0.12268518518518519 0.3333333333333333 0.12268518518518519 0.3402777777777778 0.11805555555555555 0.3402777777777778 0.11574074074074074 0.33564814814814814 0.12037037037037036 0.3333333333333333
0 0.05787037037037037 0.7662037037037037 0.06712962962962964 0.7662037037037037 0.07175925925925926 0.7708333333333334 0.06944444444444445 0.7777777777777778 0.06712962962962964 0.7800925925925926 0.0625 0.7800925925925926 0.05555555555555555 0.7731481481481481 0.05787037037037037 0.7685185185185185
0 0.7060185185185185 0.30787037037037035 0.009259259259259259 0.009259259259259259
0 0.9282407407407407 0.4479166666666667 0.009259259259259259 0.006944444444444444
0 0.7824074074074074 0.7384259259259259 0.7870370370370371 0.7384259259259259 0.7893518518518519 0.7407407407407407 0.7870370370370371 0.7453703703703703 0.7824074074074074 0.7453703703703703 0.7824074074074074 0.7407407407407407
0 0.15046296296296297 0.875 0.1550925925925926 0.8773148148148148 0.1550925925925926 0.8819444444444444 0.15046296296296297 0.8842592592592593 0.14814814814814814 0.8819444444444444 0.14814814814814814 0.8773148148148148
0 0.5763888888888888 0.38310185185185186 0.013888888888888888 0.011574074074074073
0 0.5567129629629629 0.5949074074074074 0.011574074074074073 0.013888888888888888
0 0.061342592592592594 0.1724537037037037 0.011574074074074073 0.011574074074074073
0 0.6018518518518519 0.30092592592592593 0.6018518518518519 0.2962962962962963 0.6041666666666666 0.29398148148148145 0.6111111111111112 0.2986111111111111 0.6064814814814815 0.30324074074074076 0.6041666666666666 0.30092592592592593
0 0.8136574074074074 0.2175925925925926 0.006944444444444444 0.009259259259259259
0 0.8310185185185185 0.5497685185185185 0.009259259259259259 0.011574074074074073