0 0.13541666666666666 0.5729166666666666 0.006944444444444444 0.006944444444444444
0 0.96875 0.18981481481481483 0.006944444444444444 0.009259259259259259
0 0.03009259259259259 0.49537037037037035 0.009259259259259259 0.009259259259259259
0 0.1087962962962963 0.6493055555555556 0.013888888888888888 0.011574074074074073
0 0.3912037037037037 0.7337962962962963 0.39351851851851855 0.7361111111111112 0.39351851851851855 0.7407407407407407 0.3912037037037037 0.7430555555555556 0.38657407407407407 0.7430555555555556 0.38425925925925924 0.7407407407407407 0.38425925925925924 0.7361111111111112 0.3888888888888889 0.7337962962962963
0 0.1840277777777778 0.24074074074074073 0.006944444444444444 0.009259259259259259
0 0.06712962962962964 0.25462962962962965 0.07175925925925926 0.2569444444444444 0.07175925925925926 0.25925925925925924 0.06944444444444445 0.26157407407407407 0.06481481481481481 0.26157407407407407 0.0625 0.25925925925925924 0.0625 0.2569444444444444 0.06481481481481481 0.2569444444444444
0 0.5324074074074074 0.8958333333333334 0.5416666666666666 0.8958333333333334 0.5439814814814815 0.9004629629629629 0.5439814814814815 0.9050925925925926 0.5416666666666666 0.9074074074074074 0.5324074074074074 0.9074074074074074 0.5300925925925926 0.9050925925925926 0.5300925925925926 0.9004629629629629 0.5324074074074074 0.8981481481481481
0 0.06597222222222222 0.8032407407407407 0.006944444444444444 0.009259259259259259
0 0.2743055555555556 0.14467592592592593 0.006944444444444444 0.006944444444444444
0 0.45601851851851855 0.10069444444444445 0.013888888888888888 0.011574074074074073
0 0.7534722222222222 0.5532407407407407 0.006944444444444444 0.009259259259259259
0 0.17824074074074073 0.4409722222222222 0.009259259259259259 0.006944444444444444
0 0.3576388888888889 0.061342592592592594 0.006944444444444444 0.006944444444444444
0 0.14814814814814814 0.7847222222222222 0.009259259259259259 0.009259259259259259
0 0.43287037037037035 0.3900462962962963 0.009259259259259259 0.011574074074074073
0 0.32523148148148145 0.046296296296296294 0.006944444444444444 0.009259259259259259
0 0.7916666666666666 0.7465277777777778 0.009259259259259259 0.006944444444444444
0 0.1574074074074074 0.9629629629629629 0.16203703703703703 0.9629629629629629 0.16203703703703703 0.9699074074074074 0.1574074074074074 0.9699074074074074 0.1574074074074074 0.9652777777777778
0 0.7696759259259259 0.08449074074074074 0.006944444444444444 0.006944444444444444
0 0.14583333333333334 0.4976851851851852 0.013888888888888888 0.013888888888888888
0 0.2800925925925926 0.9467592592592593 0.2824074074074074 0.9513888888888888 0.2800925925925926 0.9560185185185185 0.2708333333333333 0.9560185185185185 0.27314814814814814 0.9490740740740741 0.2777777777777778 0.9467592592592593