0 0.9490740740740741 0.27314814814814814 0.9537037037037037 0.2800925925925926 0.9490740740740741 0.28703703703703703 0.9421296296296297 0.28703703703703703 0.9421296296296297 0.27546296296296297 0.9467592592592593 0.27314814814814814
0 0.35532407407407407 0.9479166666666666 0.006944444444444444 0.006944444444444444
0 0.5243055555555556 0.0775462962962963 0.006944444444444444 0.011574074074074073
0 0.8819444444444444 0.7013888888888888 0.8888888888888888 0.7060185185185185 0.8888888888888888 0.7106481481481481 0.8842592592592593 0.7152777777777778 0.8773148148148148 0.7152777777777778 0.875 0.7129629629629629 0.875 0.7060185185185185 0.8796296296296297 0.7037037037037037
0 0.9664351851851852 0.7453703703703703 0.006944444444444444 0.009259259259259259
0 0.8726851851851852 0.2013888888888889 0.8796296296296297 0.2013888888888889 0.8819444444444444 0.2037037037037037 0.8796296296296297 0.21296296296296297 0.875 0.21296296296296297 0.8726851851851852 0.21064814814814814 0.8726851851851852 0.2037037037037037
0 0.47685185185185186 0.24768518518518517 0.47453703703703703 0.24537037037037038 0.47453703703703703 0.24074074074074073 0.47685185185185186 0.23842592592592593 0.4837962962962963 0.23842592592592593 0.4837962962962963 0.24305555555555555 0.4791666666666667 0.24537037037037038
0 0.6990740740740741 0.6805555555555556 0.6990740740740741 0.6875 0.6967592592592593 0.6898148148148148 0.6921296296296297 0.6851851851851852 0.6921296296296297 0.6828703703703703 0.6967592592592593 0.6805555555555556
0 0.10185185185185185 0.5185185185185185 0.1087962962962963 0.5254629629629629 0.1087962962962963 0.5300925925925926 0.10648148148148148 0.5324074074074074 0.09953703703703703 0.5324074074074074 0.09722222222222222 0.5300925925925926 0.09953703703703703 0.5277777777777778 0.09953703703703703 0.5208333333333334
0 0.03935185185185185 0.6458333333333334 0.03935185185185185 0.6527777777777778 0.034722222222222224 0.6527777777777778 0.032407407407407406 0.6504629629629629 0.032407407407407406 0.6481481481481481 0.037037037037037035 0.6458333333333334
0 0.41203703703703703 0.41203703703703703 0.41203703703703703 0.4236111111111111 0.4074074074074074 0.4236111111111111 0.4050925925925926 0.4212962962962963 0.4050925925925926 0.41435185185185186 0.4097222222222222 0.41435185185185186
0 0.38310185185185186 0.8287037037037037 0.006944444444444444 0.009259259259259259
0 0.6759259259259259 0.8287037037037037 0.009259259259259259 0.009259259259259259
0 0.22685185185185186 0.5625 0.2337962962962963 0.5625 0.2361111111111111 0.5648148148148148 0.23148148148148148 0.5740740740740741 0.22685185185185186 0.5740740740740741 0.22685185185185186 0.5648148148148148