0 0.7129629629629629 0.05324074074074074 0.7175925925925926 0.05324074074074074 0.7199074074074074 0.05555555555555555 0.7199074074074074 0.06018518518518518 0.7129629629629629 0.06018518518518518 0.7129629629629629 0.05555555555555555
0 0.16898148148148148 0.47453703703703703 0.1712962962962963 0.47685185185185186 0.16898148148148148 0.48148148148148145 0.16435185185185186 0.48148148148148145 0.16203703703703703 0.47685185185185186 0.16666666666666666 0.47453703703703703
0 0.5717592592592593 0.4074074074074074 0.5787037037037037 0.4074074074074074 0.5787037037037037 0.41203703703703703 0.5717592592592593 0.41203703703703703 0.5717592592592593 0.4097222222222222
0 0.20023148148148148 0.07407407407407407 0.006944444444444444 0.009259259259259259
0 0.2962962962962963 0.30092592592592593 0.009259259259259259 0.009259259259259259
0 0.9537037037037037 0.8217592592592593 0.9537037037037037 0.8287037037037037 0.9467592592592593 0.8287037037037037 0.9467592592592593 0.8240740740740741 0.9513888888888888 0.8217592592592593
0 0.3645833333333333 0.8425925925925926 0.006944444444444444 0.009259259259259259
0 0.4826388888888889 0.24768518518518517 0.006944444444444444 0.004629629629629629
0 0.18518518518518517 0.7847222222222222 0.19212962962962962 0.7893518518518519 0.18981481481481483 0.7962962962962963 0.18287037037037038 0.7962962962962963 0.18055555555555555 0.7939814814814815 0.18055555555555555 0.7893518518518519 0.18287037037037038 0.7870370370370371
0 0.4085648148148148 0.8645833333333334 0.006944444444444444 0.006944444444444444
0 0.9108796296296297 0.9525462962962963 0.006944444444444444 0.006944444444444444
0 0.4965277777777778 0.8159722222222222 0.006944444444444444 0.006944444444444444
0 0.6875 0.7430555555555556 0.6921296296296297 0.7430555555555556 0.6921296296296297 0.75 0.6898148148148148 0.7523148148148148 0.6875 0.7523148148148148 0.6875 0.7453703703703703
0 0.9710648148148148 0.47800925925925924 0.006944444444444444 0.006944444444444444
0 0.6863425925925926 0.7870370370370371 0.016203703703703703 0.013888888888888888
0 0.5347222222222222 0.8287037037037037 0.018518518518518517 0.013888888888888888
0 0.6574074074074074 0.2152777777777778 0.004629629629629629 0.009259259259259259
0 0.7245370370370371 0.9444444444444444 0.7245370370370371 0.9513888888888888 0.7222222222222222 0.9537037037037037 0.7175925925925926 0.9513888888888888 0.7175925925925926 0.9467592592592593 0.7222222222222222 0.9444444444444444
0 0.8668981481481481 0.4409722222222222 0.006944444444444444 0.006944444444444444