0 0.8125 0.7013888888888888 0.8171296296296297 0.7060185185185185 0.8148148148148148 0.7106481481481481 0.8101851851851852 0.7129629629629629 0.8032407407407407 0.7106481481481481 0.8032407407407407 0.7060185185185185 0.8101851851851852 0.7013888888888888
0 0.9097222222222222 0.9791666666666666 0.9143518518518519 0.9768518518518519 0.9189814814814815 0.9791666666666666 0.9189814814814815 0.9861111111111112 0.9166666666666666 0.9884259259259259 0.9097222222222222 0.9861111111111112 0.9097222222222222 0.9814814814814815
0 0.8055555555555556 0.21296296296296297 0.8078703703703703 0.2152777777777778 0.8078703703703703 0.2222222222222222 0.8032407407407407 0.2222222222222222 0.8009259259259259 0.2175925925925926 0.8009259259259259 0.2152777777777778 0.8032407407407407 0.2152777777777778
0 0.75 0.2638888888888889 0.7523148148148148 0.2662037037037037 0.7523148148148148 0.2708333333333333 0.75 0.27314814814814814 0.7453703703703703 0.27314814814814814 0.7430555555555556 0.26851851851851855 0.7430555555555556 0.2662037037037037 0.7476851851851852 0.2638888888888889
0 0.26157407407407407 0.009259259259259259 0.2662037037037037 0.013888888888888888 0.2638888888888889 0.018518518518518517 0.25462962962962965 0.018518518518518517 0.25462962962962965 0.011574074074074073 0.25925925925925924 0.009259259259259259
0 0.8194444444444444 0.8009259259259259 0.8240740740740741 0.8009259259259259 0.8240740740740741 0.8078703703703703 0.8194444444444444 0.8078703703703703 0.8194444444444444 0.8032407407407407
0 0.6458333333333334 0.7523148148148148 0.009259259259259259 0.009259259259259259
0 0.1875 0.9259259259259259 0.1875 0.9212962962962963 0.18981481481481483 0.9189814814814815 0.19675925925925927 0.9189814814814815 0.19907407407407407 0.9212962962962963 0.19675925925925927 0.9259259259259259 0.19212962962962962 0.9282407407407407 0.18981481481481483 0.9259259259259259
0 0.5486111111111112 0.6550925925925926 0.5532407407407407 0.6620370370370371 0.5462962962962963 0.6666666666666666 0.5393518518518519 0.6620370370370371 0.5393518518518519 0.6574074074074074 0.5462962962962963 0.6550925925925926
0 0.20601851851851852 0.2638888888888889 0.20833333333333334 0.2662037037037037 0.20601851851851852 0.27314814814814814 0.2013888888888889 0.27314814814814814 0.2013888888888889 0.2662037037037037 0.2037037037037037 0.2662037037037037
0 0.8333333333333334 0.6643518518518519 0.009259259259259259 0.009259259259259259
0 0.4837962962962963 0.15046296296296297 0.4861111111111111 0.1527777777777778 0.4861111111111111 0.1597222222222222 0.4837962962962963 0.16203703703703703 0.4791666666666667 0.16203703703703703 0.47685185185185186 0.1597222222222222 0.47685185185185186 0.1527777777777778 0.48148148148148145 0.15046296296296297
0 0.8287037037037037 0.8287037037037037 0.009259259259259259 0.009259259259259259
0 0.8298611111111112 0.41435185185185186 0.006944444444444444 0.009259259259259259
0 0.3958333333333333 0.9328703703703703 0.40046296296296297 0.9328703703703703 0.4027777777777778 0.9351851851851852 0.4027777777777778 0.9421296296296297 0.3958333333333333 0.9421296296296297 0.3958333333333333 0.9351851851851852