0 0.9629629629629629 0.2638888888888889 0.9675925925925926 0.26157407407407407 0.9745370370370371 0.2638888888888889 0.9745370370370371 0.2708333333333333 0.9699074074074074 0.2708333333333333 0.9675925925925926 0.27314814814814814 0.9629629629629629 0.2708333333333333 0.9629629629629629 0.2662037037037037
0 0.5115740740740741 0.8402777777777778 0.5185185185185185 0.8472222222222222 0.5185185185185185 0.8587962962962963 0.5046296296296297 0.8657407407407407 0.4976851851851852 0.8634259259259259 0.4930555555555556 0.8587962962962963 0.49074074074074076 0.8518518518518519 0.5 0.8402777777777778 0.5046296296296297 0.8379629629629629 0.5092592592592593 0.8402777777777778
0 0.016203703703703703 0.2800925925925926 0.020833333333333332 0.2824074074074074 0.023148148148148147 0.28703703703703703 0.018518518518518517 0.2962962962962963 0.013888888888888888 0.2986111111111111 0.006944444444444444 0.2986111111111111 0 0.2916666666666667 0 0.28703703703703703 0.006944444444444444 0.2800925925925926 0.013888888888888888 0.2800925925925926
0 0.8888888888888888 0.9768518518518519 0.8935185185185185 0.9837962962962963 0.8865740740740741 0.9884259259259259 0.8819444444444444 0.9861111111111112 0.8819444444444444 0.9791666666666666 0.8865740740740741 0.9768518518518519
0 0.4895833333333333 0.05092592592592592 0.006944444444444444 0.009259259259259259
0 0.19212962962962962 0.12731481481481483 0.19907407407407407 0.12731481481481483 0.2013888888888889 0.12962962962962962 0.19675925925925927 0.13657407407407407 0.19212962962962962 0.13425925925925927 0.19212962962962962 0.12962962962962962
0 0.2673611111111111 0.09027777777777778 0.006944444444444444 0.009259259259259259
0 0.9537037037037037 0.6550925925925926 0.9560185185185185 0.6527777777777778 0.9629629629629629 0.6527777777777778 0.9629629629629629 0.6574074074074074 0.9606481481481481 0.6597222222222222 0.9560185185185185 0.6574074074074074
0 0.7060185185185185 0.9166666666666666 0.7083333333333334 0.9189814814814815 0.7083333333333334 0.9259259259259259 0.7037037037037037 0.9305555555555556 0.6990740740740741 0.9305555555555556 0.6944444444444444 0.9259259259259259 0.6944444444444444 0.9212962962962963 0.7037037037037037 0.9166666666666666
0 0.08796296296296297 0.7638888888888888 0.09259259259259259 0.7569444444444444 0.09953703703703703 0.7569444444444444 0.10185185185185185 0.7592592592592593 0.10185185185185185 0.7662037037037037 0.09490740740740741 0.7708333333333334 0.09259259259259259 0.7708333333333334 0.09027777777777778 0.7662037037037037
0 0.8495370370370371 0.9629629629629629 0.8541666666666666 0.9629629629629629 0.8564814814814815 0.9652777777777778 0.8518518518518519 0.9722222222222222 0.8495370370370371 0.9699074074074074 0.8495370370370371 0.9652777777777778
0 0.7777777777777778 0.75 0.7800925925925926 0.7546296296296297 0.7754629629629629 0.7592592592592593 0.7731481481481481 0.7592592592592593 0.7708333333333334 0.7546296296296297 0.7708333333333334 0.7523148148148148 0.7754629629629629 0.75
0 0.6087962962962963 0.6342592592592593 0.6111111111111112 0.6365740740740741 0.6111111111111112 0.6412037037037037 0.6087962962962963 0.6435185185185185 0.6018518518518519 0.6388888888888888 0.6018518518518519 0.6365740740740741 0.6064814814814815 0.6342592592592593
0 0.6458333333333334 0.29398148148148145 0.6550925925925926 0.29398148148148145 0.6550925925925926 0.30092592592592593 0.6527777777777778 0.30324074074074076 0.6504629629629629 0.30324074074074076 0.6458333333333334 0.2962962962962963
0 0.7013888888888888 0.9583333333333334 0.7083333333333334 0.9583333333333334 0.7106481481481481 0.9606481481481481 0.7106481481481481 0.9652777777777778 0.7083333333333334 0.9675925925925926 0.7013888888888888 0.9675925925925926 0.6990740740740741 0.9629629629629629 0.7013888888888888 0.9606481481481481
0 0.5439814814814815 0.2337962962962963 0.5532407407407407 0.2337962962962963 0.5532407407407407 0.23842592592592593 0.5509259259259259 0.24074074074074073 0.5439814814814815 0.2361111111111111
0 0.2175925925925926 0.7152777777777778 0.2199074074074074 0.7175925925925926 0.2175925925925926 0.7222222222222222 0.21296296296296297 0.7222222222222222 0.21064814814814814 0.7199074074074074 0.21064814814814814 0.7175925925925926 0.2152777777777778 0.7152777777777778
0 0.9212962962962963 0.32060185185185186 0.009259259259259259 0.011574074074074073
0 0.35185185185185186 0.5208333333333334 0.3611111111111111 0.5208333333333334 0.36574074074074076 0.5277777777777778 0.36342592592592593 0.5370370370370371 0.35185185185185186 0.5370370370370371 0.3472222222222222 0.5324074074074074 0.3472222222222222 0.5277777777777778 0.35185185185185186 0.5231481481481481
0 0.9791666666666666 0.5046296296296297 0.9837962962962963 0.5069444444444444 0.9837962962962963 0.5092592592592593 0.9814814814814815 0.5115740740740741 0.9745370370370371 0.5115740740740741 0.9745370370370371 0.5069444444444444 0.9768518518518519 0.5069444444444444