0 0.5138888888888888 0.3125 0.5208333333333334 0.3101851851851852 0.5254629629629629 0.31712962962962965 0.5231481481481481 0.32175925925925924 0.5185185185185185 0.32175925925925924 0.5138888888888888 0.3148148148148148
0 0.6180555555555556 0.20601851851851852 0.009259259259259259 0.009259259259259259
0 0.7847222222222222 0.1087962962962963 0.7847222222222222 0.10416666666666667 0.7870370370370371 0.10185185185185185 0.7916666666666666 0.10416666666666667 0.7916666666666666 0.1087962962962963 0.7870370370370371 0.1087962962962963
0 0.5324074074074074 0.375 0.5370370370370371 0.375 0.5370370370370371 0.3819444444444444 0.5324074074074074 0.3819444444444444 0.5324074074074074 0.3773148148148148
0 0.14814814814814814 0.9548611111111112 0.009259259259259259 0.011574074074074073
0 0.5439814814814815 0.0625 0.5486111111111112 0.0625 0.5532407407407407 0.06712962962962964 0.5532407407407407 0.06944444444444445 0.5462962962962963 0.07407407407407407 0.5416666666666666 0.06712962962962964 0.5439814814814815 0.06481481481481481
0 0.27546296296296297 0.7106481481481481 0.2800925925925926 0.7129629629629629 0.2800925925925926 0.7245370370370371 0.27546296296296297 0.7291666666666666 0.2662037037037037 0.7291666666666666 0.26157407407407407 0.7222222222222222 0.26157407407407407 0.7152777777777778 0.2662037037037037 0.7106481481481481 0.27314814814814814 0.7106481481481481
0 0.47453703703703703 0.2037037037037037 0.47453703703703703 0.21064814814814814 0.4699074074074074 0.21064814814814814 0.4675925925925926 0.20833333333333334 0.4675925925925926 0.20601851851851852 0.4722222222222222 0.2037037037037037
0 0.9548611111111112 0.3726851851851852 0.006944444444444444 0.009259259259259259
0 0.23842592592592593 0.7800925925925926 0.24305555555555555 0.7800925925925926 0.24305555555555555 0.7870370370370371 0.23842592592592593 0.7870370370370371 0.23842592592592593 0.7824074074074074
0 0.42939814814814814 0.7349537037037037 0.006944444444444444 0.006944444444444444
0 0.40046296296296297 0.2847222222222222 0.4074074074074074 0.28935185185185186 0.4074074074074074 0.2962962962962963 0.4027777777777778 0.30092592592592593 0.39351851851851855 0.30092592592592593 0.3912037037037037 0.2986111111111111 0.3912037037037037 0.28935185185185186 0.39814814814814814 0.2847222222222222