0 0.3888888888888889 0.7939814814814815 0.39351851851851855 0.7986111111111112 0.39351851851851855 0.8032407407407407 0.3912037037037037 0.8055555555555556 0.38425925925925924 0.8055555555555556 0.3819444444444444 0.8032407407407407 0.3819444444444444 0.7962962962962963 0.38657407407407407 0.7939814814814815
0 0.1087962962962963 0.16898148148148148 0.1111111111111111 0.1712962962962963 0.1111111111111111 0.17824074074074073 0.1087962962962963 0.18055555555555555 0.10185185185185185 0.17592592592592593 0.10185185185185185 0.1712962962962963 0.10648148148148148 0.16898148148148148
0 0.9340277777777778 0.11805555555555555 0.006944444444444444 0.009259259259259259
0 0.15162037037037038 0.10416666666666667 0.006944444444444444 0.009259259259259259
0 0.7708333333333334 0.6261574074074074 0.009259259259259259 0.011574074074074073
0 0.5960648148148148 0.5370370370370371 0.006944444444444444 0.009259259259259259
0 0.7592592592592593 0.2824074074074074 0.7592592592592593 0.2777777777777778 0.7615740740740741 0.27546296296296297 0.7662037037037037 0.2777777777777778 0.7662037037037037 0.2847222222222222 0.7615740740740741 0.2824074074074074
0 0.2604166666666667 0.05787037037037037 0.006944444444444444 0.009259259259259259
0 0.6851851851851852 0.3402777777777778 0.009259259259259259 0.009259259259259259
0 0.9525462962962963 0.7800925925925926 0.006944444444444444 0.009259259259259259
0 0.8368055555555556 0.047453703703703706 0.006944444444444444 0.006944444444444444
0 0.5925925925925926 0.6944444444444444 0.5995370370370371 0.6990740740740741 0.5949074074074074 0.7060185185185185 0.5902777777777778 0.6990740740740741 0.5925925925925926 0.6967592592592593
0 0.6018518518518519 0.9004629629629629 0.6087962962962963 0.9004629629629629 0.6087962962962963 0.9050925925925926 0.6064814814814815 0.9074074074074074 0.6018518518518519 0.9050925925925926 0.6018518518518519 0.9027777777777778
0 0.1863425925925926 0.7685185185185185 0.006944444444444444 0.009259259259259259
0 0.25462962962962965 0.22685185185185186 0.25925925925925924 0.22916666666666666 0.25925925925925924 0.2361111111111111 0.25462962962962965 0.2361111111111111 0.2523148148148148 0.23148148148148148 0.25462962962962965 0.22916666666666666
0 0.3715277777777778 0.29976851851851855 0.006944444444444444 0.011574074074074073
0 0.7789351851851852 0.5081018518518519 0.11805555555555555 0.9236111111111112
0 0.6666666666666666 0.4583333333333333 0.004629629629629629 0.009259259259259259
0 0.4895833333333333 0.3472222222222222 0.006944444444444444 0.009259259259259259
0 0.16319444444444445 0.36574074074074076 0.006944444444444444 0.009259259259259259
0 0.4444444444444444 0.21064814814814814 0.44907407407407407 0.21064814814814814 0.4537037037037037 0.2152777777777778 0.4537037037037037 0.2175925925925926 0.44675925925925924 0.2222222222222222 0.44212962962962965 0.2175925925925926 0.4444444444444444 0.21296296296296297
0 0.9189814814814815 0.375 0.9236111111111112 0.375 0.9236111111111112 0.3819444444444444 0.9189814814814815 0.3819444444444444 0.9189814814814815 0.3773148148148148
0 0.3263888888888889 0.7615740740740741 0.009259259259259259 0.009259259259259259
0 0.6111111111111112 0.5462962962962963 0.6111111111111112 0.5532407407407407 0.6064814814814815 0.5532407407407407 0.6041666666666666 0.5509259259259259 0.6041666666666666 0.5486111111111112 0.6087962962962963 0.5462962962962963
0 0.7453703703703703 0.6967592592592593 0.75 0.6967592592592593 0.7523148148148148 0.6990740740740741 0.7523148148148148 0.7037037037037037 0.7476851851851852 0.7060185185185185 0.7453703703703703 0.7037037037037037 0.7453703703703703 0.6990740740740741