0 0.9039351851851852 0.07523148148148148 0.006944444444444444 0.006944444444444444
0 0.3993055555555556 0.8807870370370371 0.006944444444444444 0.006944444444444444
0 0.36226851851851855 0.9166666666666666 0.011574074074074073 0.009259259259259259
0 0.08217592592592593 0.7060185185185185 0.006944444444444444 0.009259259259259259
0 0.9861111111111112 0.6643518518518519 0.009259259259259259 0.009259259259259259
0 0.8888888888888888 0.041666666666666664 0.8935185185185185 0.041666666666666664 0.8935185185185185 0.04861111111111111 0.8888888888888888 0.04861111111111111 0.8888888888888888 0.04398148148148148
0 0.8807870370370371 0.7731481481481481 0.006944444444444444 0.009259259259259259
0 0.8518518518518519 0.4837962962962963 0.8564814814814815 0.4861111111111111 0.8564814814814815 0.49074074074074076 0.8541666666666666 0.4930555555555556 0.8518518518518519 0.4930555555555556 0.8518518518518519 0.4861111111111111
0 0.27546296296296297 0.27546296296296297 0.2777777777777778 0.2800925925925926 0.2777777777777778 0.2847222222222222 0.27546296296296297 0.28703703703703703 0.2708333333333333 0.28703703703703703 0.26851851851851855 0.2847222222222222 0.26851851851851855 0.2777777777777778 0.27314814814814814 0.27546296296296297
0 0.09490740740740741 0.6527777777777778 0.09953703703703703 0.6550925925925926 0.09953703703703703 0.6620370370370371 0.09027777777777778 0.6620370370370371 0.08796296296296297 0.6574074074074074 0.09259259259259259 0.6550925925925926
0 0.4976851851851852 0.20601851851851852 0.4976851851851852 0.21064814814814814 0.4930555555555556 0.21064814814814814 0.49074074074074076 0.21296296296296297 0.48842592592592593 0.21296296296296297 0.4861111111111111 0.20833333333333334 0.48842592592592593 0.20601851851851852 0.49537037037037035 0.20601851851851852