0 0.33912037037037035 0.7939814814814815 0.006944444444444444 0.009259259259259259
0 0.08796296296296297 0.32407407407407407 0.009259259259259259 0.009259259259259259
0 0.44560185185185186 0.19791666666666666 0.006944444444444444 0.006944444444444444
0 0.4722222222222222 0.14930555555555555 0.009259259259259259 0.006944444444444444
0 0.03935185185185185 0.1863425925925926 0.004629629629629629 0.006944444444444444
0 0.9328703703703703 0.020833333333333332 0.9305555555555556 0.027777777777777776 0.9259259259259259 0.027777777777777776 0.9236111111111112 0.02546296296296296 0.9236111111111112 0.020833333333333332 0.9259259259259259 0.018518518518518517 0.9305555555555556 0.020833333333333332
0 0.6909722222222222 0.6284722222222222 0.006944444444444444 0.006944444444444444
0 0.9953703703703703 0.9120370370370371 0.9976851851851852 0.9143518518518519 0.9976851851851852 0.9305555555555556 0.9930555555555556 0.9351851851851852 0.9814814814814815 0.9351851851851852 0.9745370370370371 0.9282407407407407 0.9745370370370371 0.9189814814814815 0.9768518518518519 0.9143518518518519 0.9814814814814815 0.9120370370370371 0.9930555555555556 0.9120370370370371
0 0.4479166666666667 0.41435185185185186 0.006944444444444444 0.004629629629629629
0 0.25810185185185186 0.17939814814814814 0.006944444444444444 0.006944444444444444
0 0.6481481481481481 0.38425925925925924 0.009259259259259259 0.009259259259259259
0 0.027777777777777776 0.28587962962962965 0.009259259259259259 0.006944444444444444
0 0.5555555555555556 0.40046296296296297 0.009259259259259259 0.009259259259259259
0 0.32060185185185186 0.7048611111111112 0.006944444444444444 0.006944444444444444
0 0.6192129629629629 0.6770833333333334 0.006944444444444444 0.006944444444444444
0 0.06712962962962964 0.7662037037037037 0.009259259259259259 0.009259259259259259
0 0.39467592592592593 0.14467592592592593 0.006944444444444444 0.006944444444444444
0 0.41898148148148145 0.35300925925925924 0.009259259259259259 0.006944444444444444
0 0.20717592592592593 0.19328703703703703 0.006944444444444444 0.006944444444444444
0 0.8356481481481481 0.7974537037037037 0.009259259259259259 0.011574074074074073
0 0.15856481481481483 0.16087962962962962 0.006944444444444444 0.006944444444444444
0 0.5706018518518519 0.5034722222222222 0.006944444444444444 0.006944444444444444
0 0.4074074074074074 0.06018518518518518 0.41203703703703703 0.05787037037037037 0.4166666666666667 0.06018518518518518 0.4166666666666667 0.06712962962962964 0.41435185185185186 0.06944444444444445 0.4074074074074074 0.06944444444444445 0.4074074074074074 0.0625
0 0.7372685185185185 0.6469907407407407 0.006944444444444444 0.006944444444444444
0 0.3090277777777778 0.046296296296296294 0.006944444444444444 0.009259259259259259
0 0.5428240740740741 0.6238425925925926 0.006944444444444444 0.006944444444444444
0 0.024305555555555556 0.03356481481481482 0.006944444444444444 0.006944444444444444
0 0.6018518518518519 0.32407407407407407 0.009259259259259259 0.009259259259259259
0 0.6643518518518519 0.7210648148148148 0.009259259259259259 0.006944444444444444
0 0.1099537037037037 0.9583333333333334 0.006944444444444444 0.009259259259259259
0 0.7476851851851852 0.41898148148148145 0.7546296296296297 0.41898148148148145 0.7546296296296297 0.42592592592592593 0.75 0.42592592592592593 0.7476851851851852 0.4212962962962963
0 0.26851851851851855 0.3888888888888889 0.2708333333333333 0.3912037037037037 0.26851851851851855 0.3958333333333333 0.2638888888888889 0.3958333333333333 0.26157407407407407 0.39351851851851855 0.26157407407407407 0.3912037037037037 0.2662037037037037 0.3888888888888889
0 0.4699074074074074 0.006944444444444444 0.47453703703703703 0.006944444444444444 0.47685185185185186 0.009259259259259259 0.47453703703703703 0.016203703703703703 0.4699074074074074 0.016203703703703703 0.4699074074074074 0.009259259259259259