0 0.5555555555555556 0.25462962962962965 0.5578703703703703 0.2523148148148148 0.5648148148148148 0.2523148148148148 0.5648148148148148 0.2569444444444444 0.5625 0.25925925925925924 0.5578703703703703 0.2569444444444444
0 0.6111111111111112 0.5451388888888888 0.009259259259259259 0.006944444444444444
0 0.8564814814814815 0.6527777777777778 0.009259259259259259 0.009259259259259259
0 0.12962962962962962 0.6620370370370371 0.13194444444444445 0.6666666666666666 0.12962962962962962 0.6712962962962963 0.125 0.6712962962962963 0.12268518518518519 0.6689814814814815 0.12268518518518519 0.6643518518518519 0.12731481481481483 0.6620370370370371
0 0.2777777777777778 0.05324074074074074 0.2800925925925926 0.05092592592592592 0.28703703703703703 0.05092592592592592 0.28703703703703703 0.05787037037037037 0.2800925925925926 0.05787037037037037 0.2800925925925926 0.05555555555555555
0 0.34953703703703703 0.6967592592592593 0.3541666666666667 0.7037037037037037 0.35185185185185186 0.7060185185185185 0.3472222222222222 0.7060185185185185 0.3449074074074074 0.7037037037037037 0.3449074074074074 0.6990740740740741 0.3472222222222222 0.6990740740740741
0 0.4513888888888889 0.5578703703703703 0.009259259259259259 0.009259259259259259
0 0.7800925925925926 0.7986111111111112 0.7800925925925926 0.8055555555555556 0.7754629629629629 0.8055555555555556 0.7731481481481481 0.8009259259259259 0.7777777777777778 0.7986111111111112
0 0.032407407407407406 0.8194444444444444 0.037037037037037035 0.8194444444444444 0.03935185185185185 0.8240740740740741 0.03935185185185185 0.8263888888888888 0.032407407407407406 0.8310185185185185 0.03009259259259259 0.8287037037037037 0.03009259259259259 0.8240740740740741 0.032407407407407406 0.8217592592592593
0 0.3101851851851852 0.8888888888888888 0.3148148148148148 0.8935185185185185 0.3125 0.8981481481481481 0.3055555555555556 0.8981481481481481 0.30324074074074076 0.8958333333333334 0.30324074074074076 0.8912037037037037 0.30787037037037035 0.8888888888888888
0 0.5740740740740741 0.7592592592592593 0.5763888888888888 0.7615740740740741 0.5763888888888888 0.7662037037037037 0.5717592592592593 0.7685185185185185 0.5694444444444444 0.7662037037037037 0.5694444444444444 0.7615740740740741 0.5717592592592593 0.7615740740740741
0 0.3541666666666667 0.5208333333333334 0.3541666666666667 0.5300925925925926 0.3472222222222222 0.5300925925925926 0.3472222222222222 0.5231481481481481 0.35185185185185186 0.5208333333333334
0 0.5092592592592593 0.5486111111111112 0.009259259259259259 0.009259259259259259
0 0.37962962962962965 0.09953703703703703 0.38425925925925924 0.10185185185185185 0.38425925925925924 0.10648148148148148 0.37962962962962965 0.1111111111111111 0.375 0.1111111111111111 0.3726851851851852 0.10648148148148148 0.3726851851851852 0.10185185185185185 0.3773148148148148 0.09953703703703703
0 0.7175925925925926 0.9143518518518519 0.7245370370370371 0.9143518518518519 0.7245370370370371 0.9189814814814815 0.7222222222222222 0.9212962962962963 0.7175925925925926 0.9212962962962963 0.7175925925925926 0.9166666666666666
0 0.05439814814814815 0.16666666666666666 0.006944444444444444 0.009259259259259259
0 0.21064814814814814 0.9560185185185185 0.2152777777777778 0.9560185185185185 0.2175925925925926 0.9583333333333334 0.2152777777777778 0.9629629629629629 0.21064814814814814 0.9629629629629629 0.20833333333333334 0.9606481481481481 0.21064814814814814 0.9583333333333334
0 0.7905092592592593 0.7314814814814815 0.006944444444444444 0.009259259259259259