0 0.016203703703703703 0.27546296296296297 0.009259259259259259 0.009259259259259259
0 0.7743055555555556 0.6898148148148148 0.006944444444444444 0.009259259259259259
0 0.8564814814814815 0.49537037037037035 0.8541666666666666 0.5046296296296297 0.8495370370370371 0.5023148148148148 0.8495370370370371 0.4976851851851852 0.8541666666666666 0.49537037037037035
0 0.06018518518518518 0.5011574074074074 0.004629629629629629 0.006944444444444444
0 0.1423611111111111 0.6689814814814815 0.006944444444444444 0.009259259259259259
0 0.36226851851851855 0.8217592592592593 0.006944444444444444 0.009259259259259259
0 0.48032407407407407 0.5925925925925926 0.006944444444444444 0.009259259259259259
0 0.21412037037037038 0.02199074074074074 0.006944444444444444 0.006944444444444444
0 0.9305555555555556 0.7523148148148148 0.9351851851851852 0.7569444444444444 0.9351851851851852 0.7615740740740741 0.9305555555555556 0.7615740740740741 0.9282407407407407 0.7592592592592593 0.9282407407407407 0.7546296296296297
0 0.1597222222222222 0.7291666666666666 0.009259259259259259 0.009259259259259259
0 0.37962962962962965 0.2662037037037037 0.38425925925925924 0.2638888888888889 0.38657407407407407 0.2662037037037037 0.38657407407407407 0.2708333333333333 0.3819444444444444 0.27314814814814814 0.3819444444444444 0.26851851851851855
0 0.4548611111111111 0.2974537037037037 0.006944444444444444 0.006944444444444444
0 0.5879629629629629 0.02546296296296296 0.5925925925925926 0.03009259259259259 0.5925925925925926 0.034722222222222224 0.5902777777777778 0.037037037037037035 0.5833333333333334 0.034722222222222224 0.5833333333333334 0.03009259259259259 0.5856481481481481 0.027777777777777776
0 0.39467592592592593 0.2025462962962963 0.006944444444444444 0.006944444444444444
0 0.2175925925925926 0.44560185185185186 0.009259259259259259 0.006944444444444444
0 0.4074074074074074 0.14467592592592593 0.009259259259259259 0.011574074074074073
0 0.6122685185185185 0.5810185185185185 0.006944444444444444 0.009259259259259259
0 0.45949074074074076 0.4039351851851852 0.006944444444444444 0.006944444444444444
0 0.41203703703703703 0.9189814814814815 0.41435185185185186 0.9212962962962963 0.41435185185185186 0.9282407407407407 0.41203703703703703 0.9305555555555556 0.4074074074074074 0.9282407407407407 0.4074074074074074 0.9212962962962963 0.4097222222222222 0.9212962962962963
0 0.5173611111111112 0.9814814814814815 0.006944444444444444 0.009259259259259259
0 0.21064814814814814 0.8657407407407407 0.009259259259259259 0.009259259259259259
0 0.6666666666666666 0.32175925925925924 0.009259259259259259 0.009259259259259259
0 0.9027777777777778 0.1388888888888889 0.009259259259259259 0.009259259259259259
0 0.35185185185185186 0.3576388888888889 0.004629629629629629 0.006944444444444444
0 0.3275462962962963 0.8530092592592593 0.006944444444444444 0.006944444444444444