0 0.7233796296296297 0.1736111111111111 0.006944444444444444 0.009259259259259259
0 0.6631944444444444 0.4236111111111111 0.011574074074074073 0.009259259259259259
0 0.19328703703703703 0.36689814814814814 0.006944444444444444 0.006944444444444444
0 0.4699074074074074 0.3402777777777778 0.47453703703703703 0.3402777777777778 0.47685185185185186 0.3449074074074074 0.47685185185185186 0.34953703703703703 0.4675925925925926 0.34953703703703703 0.4675925925925926 0.3449074074074074 0.4699074074074074 0.3425925925925926
0 0.20023148148148148 0.4965277777777778 0.006944444444444444 0.006944444444444444
0 0.1076388888888889 0.16666666666666666 0.006944444444444444 0.004629629629629629
0 0.3425925925925926 0.8564814814814815 0.3472222222222222 0.8564814814814815 0.34953703703703703 0.8587962962962963 0.34953703703703703 0.8634259259259259 0.3472222222222222 0.8657407407407407 0.3425925925925926 0.8657407407407407 0.3425925925925926 0.8587962962962963
0 0.8900462962962963 0.02199074074074074 0.011574074074074073 0.011574074074074073
0 0.1099537037037037 0.8969907407407407 0.006944444444444444 0.006944444444444444
0 0.8356481481481481 0.5 0.009259259259259259 0.009259259259259259
0 0.9930555555555556 0.8865740740740741 0.9976851851851852 0.8865740740740741 0.9976851851851852 0.8981481481481481 0.9930555555555556 0.8958333333333334 0.9930555555555556 0.8888888888888888
0 0.9953703703703703 0.375 0.9976851851851852 0.3773148148148148 0.9976851851851852 0.3819444444444444 0.9953703703703703 0.38425925925925924 0.9907407407407407 0.38425925925925924 0.9884259259259259 0.37962962962962965 0.9884259259259259 0.3773148148148148 0.9930555555555556 0.375
0 0.48148148148148145 0.6817129629629629 0.009259259259259259 0.011574074074074073
0 0.16087962962962962 0.8738425925925926 0.006944444444444444 0.006944444444444444
0 0.8703703703703703 0.3773148148148148 0.875 0.37962962962962965 0.875 0.38657407407407407 0.8703703703703703 0.38657407407407407 0.8680555555555556 0.38425925925925924 0.8703703703703703 0.37962962962962965
0 0.28703703703703703 0.41782407407407407 0.009259259259259259 0.006944444444444444