0 0.9189814814814815 0.09722222222222222 0.9282407407407407 0.09722222222222222 0.9305555555555556 0.09953703703703703 0.9305555555555556 0.10416666666666667 0.9259259259259259 0.10648148148148148 0.9212962962962963 0.10648148148148148 0.9189814814814815 0.10416666666666667 0.9189814814814815 0.09953703703703703
0 0.7685185185185185 0.27546296296296297 0.7777777777777778 0.27546296296296297 0.7777777777777778 0.2800925925925926 0.7731481481481481 0.2847222222222222 0.7685185185185185 0.2777777777777778
0 0.6620370370370371 0.9583333333333334 0.6643518518518519 0.9629629629629629 0.6620370370370371 0.9675925925925926 0.6504629629629629 0.9675925925925926 0.6504629629629629 0.9606481481481481 0.6527777777777778 0.9583333333333334 0.6597222222222222 0.9583333333333334
0 0.18981481481481483 0.8738425925925926 0.009259259259259259 0.011574074074074073
0 0.8657407407407407 0.8703703703703703 0.8703703703703703 0.8657407407407407 0.8773148148148148 0.8657407407407407 0.8796296296296297 0.8680555555555556 0.8796296296296297 0.8726851851851852 0.8680555555555556 0.8726851851851852
0 0.46875 0.19560185185185186 0.011574074074074073 0.011574074074074073
0 0.9571759259259259 0.7291666666666666 0.011574074074074073 0.009259259259259259
0 0.3912037037037037 0.5844907407407407 0.009259259259259259 0.011574074074074073
0 0.5277777777777778 0.9722222222222222 0.5324074074074074 0.9699074074074074 0.5439814814814815 0.9699074074074074 0.5486111111111112 0.9745370370370371 0.5486111111111112 0.9861111111111112 0.5416666666666666 0.9930555555555556 0.5347222222222222 0.9930555555555556 0.5254629629629629 0.9861111111111112 0.5254629629629629 0.9768518518518519 0.5277777777777778 0.9745370370370371
0 0.125 0.1574074074074074 0.13425925925925927 0.1574074074074074 0.13657407407407407 0.1597222222222222 0.13657407407407407 0.16435185185185186 0.13425925925925927 0.16666666666666666 0.12731481481481483 0.16666666666666666 0.125 0.16435185185185186 0.125 0.1597222222222222
0 0.8287037037037037 0.45601851851851855 0.8310185185185185 0.4583333333333333 0.8310185185185185 0.4675925925925926 0.8287037037037037 0.4699074074074074 0.8217592592592593 0.4675925925925926 0.8194444444444444 0.46296296296296297 0.8194444444444444 0.46064814814814814 0.8263888888888888 0.45601851851851855
0 0.2916666666666667 0.33796296296296297 0.2986111111111111 0.33796296296296297 0.2986111111111111 0.3449074074074074 0.29398148148148145 0.3449074074074074 0.2916666666666667 0.3402777777777778
0 0.20833333333333334 0.42592592592592593 0.2152777777777778 0.42824074074074076 0.2175925925925926 0.43287037037037035 0.20833333333333334 0.4375 0.20601851851851852 0.4351851851851852 0.20601851851851852 0.4305555555555556 0.20833333333333334 0.42824074074074076
0 0.10185185185185185 0.45601851851851855 0.1087962962962963 0.4537037037037037 0.11342592592592593 0.46064814814814814 0.1111111111111111 0.4652777777777778 0.10648148148148148 0.4652777777777778 0.10185185185185185 0.4583333333333333
0 0.9699074074074074 0.9398148148148148 0.9722222222222222 0.9351851851851852 0.9791666666666666 0.9351851851851852 0.9791666666666666 0.9398148148148148 0.9722222222222222 0.9398148148148148
0 0.6643518518518519 0.8125 0.6736111111111112 0.8125 0.6759259259259259 0.8148148148148148 0.6759259259259259 0.8194444444444444 0.6712962962962963 0.8240740740740741 0.6643518518518519 0.8194444444444444 0.6643518518518519 0.8148148148148148
0 0.5740740740740741 0.16898148148148148 0.5787037037037037 0.17592592592592593 0.5740740740740741 0.18287037037037038 0.5671296296296297 0.18287037037037038 0.5648148148148148 0.18055555555555555 0.5648148148148148 0.1736111111111111 0.5717592592592593 0.16898148148148148
0 0.8263888888888888 0.1550925925925926 0.8310185185185185 0.1550925925925926 0.8333333333333334 0.1574074074074074 0.8310185185185185 0.16203703703703703 0.8263888888888888 0.16203703703703703 0.8263888888888888 0.1574074074074074
0 0.8032407407407407 0.6597222222222222 0.8101851851851852 0.6597222222222222 0.8148148148148148 0.6643518518518519 0.8148148148148148 0.6712962962962963 0.8125 0.6736111111111112 0.8078703703703703 0.6736111111111112 0.8032407407407407 0.6689814814814815 0.8032407407407407 0.6620370370370371