0 0.375 0.5462962962962963 0.3819444444444444 0.5462962962962963 0.3819444444444444 0.5532407407407407 0.37962962962962965 0.5555555555555556 0.375 0.5532407407407407 0.375 0.5486111111111112
0 0.02546296296296296 0.22916666666666666 0.02546296296296296 0.2361111111111111 0.020833333333333332 0.2361111111111111 0.018518518518518517 0.2337962962962963 0.018518518518518517 0.23148148148148148 0.023148148148148147 0.22916666666666666
0 0.5138888888888888 0.28703703703703703 0.5185185185185185 0.28935185185185186 0.5185185185185185 0.2962962962962963 0.5138888888888888 0.2986111111111111 0.5092592592592593 0.2916666666666667 0.5092592592592593 0.28935185185185186 0.5115740740740741 0.28935185185185186
0 0.9050925925925926 0.016203703703703703 0.9120370370370371 0.011574074074074073 0.9143518518518519 0.013888888888888888 0.9143518518518519 0.020833333333333332 0.9097222222222222 0.020833333333333332 0.9074074074074074 0.018518518518518517
0 0.5277777777777778 0.33796296296296297 0.5347222222222222 0.33796296296296297 0.5347222222222222 0.3425925925925926 0.5324074074074074 0.3449074074074074 0.5277777777777778 0.3449074074074074 0.5254629629629629 0.3425925925925926 0.5277777777777778 0.3402777777777778
0 0.8530092592592593 0.18518518518518517 0.011574074074074073 0.013888888888888888
0 0.6388888888888888 0.3449074074074074 0.6458333333333334 0.3449074074074074 0.6481481481481481 0.3472222222222222 0.6458333333333334 0.35185185185185186 0.6388888888888888 0.35185185185185186 0.6388888888888888 0.3472222222222222
0 0.06018518518518518 0.5300925925925926 0.06018518518518518 0.5370370370370371 0.05555555555555555 0.5370370370370371 0.05324074074074074 0.5347222222222222 0.05324074074074074 0.5324074074074074 0.05787037037037037 0.5300925925925926
0 0.25925925925925924 0.4201388888888889 0.009259259259259259 0.006944444444444444
0 0.11805555555555555 0.5555555555555556 0.12037037037037036 0.5578703703703703 0.12037037037037036 0.5648148148148148 0.11805555555555555 0.5671296296296297 0.11342592592592593 0.5671296296296297 0.1111111111111111 0.5648148148148148 0.1111111111111111 0.5578703703703703 0.11574074074074074 0.5555555555555556
0 0.19675925925925927 0.016203703703703703 0.19907407407407407 0.020833333333333332 0.19675925925925927 0.02546296296296296 0.19212962962962962 0.02546296296296296 0.18981481481481483 0.023148148148148147 0.18981481481481483 0.018518518518518517 0.19444444444444445 0.016203703703703703
0 0.16435185185185186 0.5 0.1712962962962963 0.5 0.1736111111111111 0.5023148148148148 0.1712962962962963 0.5069444444444444 0.16435185185185186 0.5069444444444444 0.16435185185185186 0.5023148148148148
0 0.44907407407407407 0.125 0.45601851851851855 0.125 0.45601851851851855 0.13194444444444445 0.4537037037037037 0.13425925925925927 0.44675925925925924 0.12962962962962962 0.44907407407407407 0.12731481481481483
0 0.9548611111111112 0.8090277777777778 0.011574074074074073 0.011574074074074073
0 0.27546296296296297 0.9259259259259259 0.2800925925925926 0.9328703703703703 0.27546296296296297 0.9375 0.26851851851851855 0.9351851851851852 0.26851851851851855 0.9282407407407407 0.27314814814814814 0.9259259259259259
0 0.4537037037037037 0.7569444444444444 0.4583333333333333 0.7569444444444444 0.46064814814814814 0.7592592592592593 0.46064814814814814 0.7662037037037037 0.4583333333333333 0.7662037037037037 0.4537037037037037 0.7592592592592593
0 0.03935185185185185 0.7569444444444444 0.013888888888888888 0.013888888888888888
0 0.2662037037037037 0.5925925925925926 0.2708333333333333 0.5949074074074074 0.27314814814814814 0.5995370370370371 0.26851851851851855 0.6041666666666666 0.2638888888888889 0.6041666666666666 0.26157407407407407 0.6018518518518519 0.26157407407407407 0.5949074074074074 0.2638888888888889 0.5949074074074074
0 0.023148148148148147 0.7199074074074074 0.009259259259259259 0.009259259259259259
0 0.09490740740740741 0.35185185185185186 0.009259259259259259 0.009259259259259259
0 0.17592592592592593 0.6620370370370371 0.17592592592592593 0.6550925925925926 0.18055555555555555 0.6504629629629629 0.18981481481481483 0.6574074074074074 0.18518518518518517 0.6643518518518519 0.17824074074074073 0.6620370370370371
0 0.6365740740740741 0.3819444444444444 0.6435185185185185 0.3819444444444444 0.6435185185185185 0.38657407407407407 0.6365740740740741 0.38657407407407407 0.6365740740740741 0.38425925925925924
0 0.4097222222222222 0.6608796296296297 0.009259259259259259 0.006944444444444444
0 0.9375 0.14351851851851852 0.9421296296296297 0.14351851851851852 0.9421296296296297 0.15046296296296297 0.9375 0.15046296296296297 0.9375 0.14583333333333334
0 0.37037037037037035 0.09490740740740741 0.3773148148148148 0.09490740740740741 0.37962962962962965 0.09722222222222222 0.3773148148148148 0.10185185185185185 0.3726851851851852 0.10185185185185185 0.37037037037037035 0.09722222222222222
0 0.9884259259259259 0.19444444444444445 0.9930555555555556 0.2013888888888889 0.9907407407407407 0.20601851851851852 0.9837962962962963 0.20601851851851852 0.9814814814814815 0.2037037037037037 0.9814814814814815 0.19675925925925927 0.9861111111111112 0.19444444444444445
0 0.7986111111111112 0.7870370370370371 0.8009259259259259 0.7893518518518519 0.7986111111111112 0.7939814814814815 0.7939814814814815 0.7939814814814815 0.7916666666666666 0.7916666666666666 0.7916666666666666 0.7893518518518519 0.7962962962962963 0.7870370370370371
0 0.6666666666666666 0.5995370370370371 0.6736111111111112 0.5995370370370371 0.6759259259259259 0.6018518518518519 0.6712962962962963 0.6087962962962963 0.6666666666666666 0.6018518518518519
0 0.41435185185185186 0.38425925925925924 0.41898148148148145 0.38425925925925924 0.41898148148148145 0.3912037037037037 0.4166666666666667 0.39351851851851855 0.41435185185185186 0.3912037037037037 0.41435185185185186 0.38657407407407407
0 0.03935185185185185 0.0763888888888889 0.04861111111111111 0.0763888888888889 0.04861111111111111 0.08564814814814815 0.04398148148148148 0.08796296296296297 0.03935185185185185 0.08564814814814815 0.03935185185185185 0.0787037037037037
0 0.5231481481481481 0.32407407407407407 0.5208333333333334 0.31712962962962965 0.5277777777777778 0.3125 0.5370370370370371 0.3194444444444444 0.5370370370370371 0.32407407407407407 0.5254629629629629 0.32407407407407407
0 0.24768518518518517 0.9699074074074074 0.2523148148148148 0.9722222222222222 0.25462962962962965 0.9768518518518519 0.25 0.9814814814814815 0.24305555555555555 0.9814814814814815 0.23842592592592593 0.9768518518518519 0.24074074074074073 0.9722222222222222 0.24537037037037038 0.9699074074074074