0 0.8599537037037037 0.3738425925925926 0.006944444444444444 0.006944444444444444
0 0.43287037037037035 0.6296296296296297 0.009259259259259259 0.009259259259259259
0 0.6550925925925926 0.23148148148148148 0.6620370370370371 0.23148148148148148 0.6620370370370371 0.2361111111111111 0.6550925925925926 0.2361111111111111 0.6550925925925926 0.2337962962962963
0 0.8958333333333334 0.9490740740740741 0.8981481481481481 0.9513888888888888 0.8981481481481481 0.9583333333333334 0.8935185185185185 0.9606481481481481 0.8888888888888888 0.9583333333333334 0.8888888888888888 0.9513888888888888 0.8935185185185185 0.9490740740740741
0 0.3587962962962963 0.6620370370370371 0.36342592592592593 0.6620370370370371 0.36574074074074076 0.6643518518518519 0.36574074074074076 0.6689814814814815 0.3587962962962963 0.6689814814814815 0.35648148148148145 0.6666666666666666 0.3587962962962963 0.6643518518518519
0 0.5729166666666666 0.1840277777777778 0.006944444444444444 0.006944444444444444
0 0.4398148148148148 0.5682870370370371 0.009259259259259259 0.006944444444444444
0 0.30092592592592593 0.8356481481481481 0.3055555555555556 0.8356481481481481 0.3055555555555556 0.8425925925925926 0.30092592592592593 0.8425925925925926 0.30092592592592593 0.8379629629629629
0 0.8333333333333334 0.2488425925925926 0.004629629629629629 0.006944444444444444
0 0.42592592592592593 0.6134259259259259 0.009259259259259259 0.009259259259259259
0 0.6793981481481481 0.18055555555555555 0.006944444444444444 0.009259259259259259
0 0.1701388888888889 0.30439814814814814 0.006944444444444444 0.006944444444444444
0 0.2847222222222222 0.6111111111111112 0.28703703703703703 0.6134259259259259 0.28703703703703703 0.6203703703703703 0.2777777777777778 0.6203703703703703 0.27546296296296297 0.6180555555555556 0.27546296296296297 0.6134259259259259 0.2824074074074074 0.6111111111111112
0 0.7627314814814815 0.33564814814814814 0.011574074074074073 0.013888888888888888
0 0.19907407407407407 0.5208333333333334 0.2013888888888889 0.5300925925925926 0.19675925925925927 0.5324074074074074 0.19212962962962962 0.5324074074074074 0.18981481481481483 0.5300925925925926 0.18981481481481483 0.5254629629629629 0.19675925925925927 0.5208333333333334
0 0.1875 0.6203703703703703 0.19212962962962962 0.6203703703703703 0.19212962962962962 0.6296296296296297 0.1875 0.6296296296296297 0.1875 0.6226851851851852
0 0.2361111111111111 0.9027777777777778 0.009259259259259259 0.009259259259259259
0 0.5833333333333334 0.6875 0.5902777777777778 0.6875 0.5925925925925926 0.6898148148148148 0.5925925925925926 0.6921296296296297 0.5833333333333334 0.6921296296296297 0.5833333333333334 0.6898148148148148
0 0.9699074074074074 0.7222222222222222 0.9768518518518519 0.7199074074074074 0.9768518518518519 0.7291666666666666 0.9699074074074074 0.7291666666666666 0.9699074074074074 0.7245370370370371
0 0.6388888888888888 0.8240740740740741 0.6458333333333334 0.8217592592592593 0.6504629629629629 0.8263888888888888 0.6504629629629629 0.8333333333333334 0.6481481481481481 0.8356481481481481 0.6388888888888888 0.8356481481481481 0.6365740740740741 0.8310185185185185 0.6388888888888888 0.8263888888888888
0 0.3159722222222222 0.09606481481481481 0.006944444444444444 0.006944444444444444
0 0.4351851851851852 0.7060185185185185 0.44212962962962965 0.7083333333333334 0.44212962962962965 0.7129629629629629 0.4398148148148148 0.7152777777777778 0.4351851851851852 0.7129629629629629 0.4351851851851852 0.7083333333333334
0 0.14814814814814814 0.2708333333333333 0.1527777777777778 0.27314814814814814 0.1527777777777778 0.2777777777777778 0.15046296296296297 0.2800925925925926 0.14583333333333334 0.2777777777777778 0.14583333333333334 0.27314814814814814
0 0.5925925925925926 0.8460648148148148 0.009259259259259259 0.011574074074074073
0 0.25925925925925924 0.3726851851851852 0.009259259259259259 0.009259259259259259
0 0.32523148148148145 0.3020833333333333 0.006944444444444444 0.006944444444444444