0 0.28935185185185186 0.5879629629629629 0.29398148148148145 0.5879629629629629 0.29398148148148145 0.5949074074074074 0.2916666666666667 0.5972222222222222 0.28935185185185186 0.5949074074074074 0.28935185185185186 0.5902777777777778
0 0.5196759259259259 0.75 0.006944444444444444 0.009259259259259259
0 0.7847222222222222 0.9652777777777778 0.7847222222222222 0.9583333333333334 0.7870370370370371 0.9560185185185185 0.7939814814814815 0.9560185185185185 0.7939814814814815 0.9629629629629629 0.7893518518518519 0.9675925925925926 0.7870370370370371 0.9652777777777778
0 0.6041666666666666 0.5486111111111112 0.6064814814814815 0.5509259259259259 0.6064814814814815 0.5555555555555556 0.6018518518518519 0.5578703703703703 0.5972222222222222 0.5555555555555556 0.5972222222222222 0.5509259259259259 0.6018518518518519 0.5486111111111112
0 0.8379629629629629 0.08333333333333333 0.8449074074074074 0.08101851851851852 0.8472222222222222 0.08564814814814815 0.8425925925925926 0.09027777777777778 0.8379629629629629 0.08564814814814815
0 0.6157407407407407 0.9606481481481481 0.6180555555555556 0.9629629629629629 0.6180555555555556 0.9699074074074074 0.6134259259259259 0.9745370370370371 0.6087962962962963 0.9745370370370371 0.6064814814814815 0.9722222222222222 0.6064814814814815 0.9606481481481481 0.6087962962962963 0.9583333333333334 0.6134259259259259 0.9606481481481481
0 0.19907407407407407 0.8171296296296297 0.20601851851851852 0.8217592592592593 0.20601851851851852 0.8263888888888888 0.2037037037037037 0.8287037037037037 0.19907407407407407 0.8287037037037037 0.19444444444444445 0.8240740740740741 0.19444444444444445 0.8194444444444444 0.19675925925925927 0.8194444444444444
0 0.36342592592592593 0.7951388888888888 0.013888888888888888 0.011574074074074073
0 0.5995370370370371 0.37037037037037035 0.009259259259259259 0.009259259259259259
0 0.7754629629629629 0.3912037037037037 0.7847222222222222 0.3912037037037037 0.7870370370370371 0.39351851851851855 0.7870370370370371 0.39814814814814814 0.7824074074074074 0.40046296296296297 0.7777777777777778 0.40046296296296297 0.7754629629629629 0.39814814814814814 0.7754629629629629 0.39351851851851855
0 0.2824074074074074 0.35185185185185186 0.28703703703703703 0.35185185185185186 0.28935185185185186 0.3541666666666667 0.28935185185185186 0.3587962962962963 0.28703703703703703 0.3611111111111111 0.2824074074074074 0.3587962962962963 0.2824074074074074 0.3541666666666667
0 0.3854166666666667 0.49537037037037035 0.006944444444444444 0.009259259259259259
0 0.5104166666666666 0.2847222222222222 0.006944444444444444 0.009259259259259259
0 0.6087962962962963 0.7175925925925926 0.6064814814814815 0.7083333333333334 0.6111111111111112 0.7037037037037037 0.6180555555555556 0.7037037037037037 0.6203703703703703 0.7060185185185185 0.6180555555555556 0.7175925925925926 0.6111111111111112 0.7175925925925926
0 0.5138888888888888 0.8425925925925926 0.5185185185185185 0.8425925925925926 0.5185185185185185 0.8495370370370371 0.5138888888888888 0.8495370370370371 0.5138888888888888 0.8449074074074074
0 0.6967592592592593 0.37962962962962965 0.7037037037037037 0.37962962962962965 0.7037037037037037 0.38425925925925924 0.6967592592592593 0.38425925925925924 0.6967592592592593 0.3819444444444444
0 0.7777777777777778 0.18287037037037038 0.7800925925925926 0.18518518518518517 0.7800925925925926 0.19444444444444445 0.7754629629629629 0.19675925925925927 0.7685185185185185 0.19675925925925927 0.7638888888888888 0.18981481481481483 0.7685185185185185 0.18287037037037038 0.7754629629629629 0.18287037037037038