0 0.9108796296296297 0.14699074074074073 0.006944444444444444 0.006944444444444444
0 0.3287037037037037 0.5439814814814815 0.33564814814814814 0.5439814814814815 0.33564814814814814 0.5532407407407407 0.3333333333333333 0.5555555555555556 0.3287037037037037 0.5555555555555556 0.3263888888888889 0.5509259259259259 0.3287037037037037 0.5462962962962963
0 0.8495370370370371 0.4976851851851852 0.8541666666666666 0.5 0.8541666666666666 0.5069444444444444 0.8518518518518519 0.5092592592592593 0.8472222222222222 0.5092592592592593 0.8449074074074074 0.5046296296296297 0.8472222222222222 0.5
0 0.6064814814814815 0.34953703703703703 0.6087962962962963 0.35185185185185186 0.6087962962962963 0.3587962962962963 0.6018518518518519 0.3587962962962963 0.5995370370370371 0.35648148148148145 0.5995370370370371 0.35185185185185186 0.6041666666666666 0.34953703703703703
0 0.09953703703703703 0.8981481481481481 0.10416666666666667 0.9050925925925926 0.10185185185185185 0.9074074074074074 0.09490740740740741 0.9050925925925926 0.09490740740740741 0.9004629629629629 0.09722222222222222 0.9004629629629629
0 0.30092592592592593 0.41203703703703703 0.3055555555555556 0.4097222222222222 0.3125 0.4097222222222222 0.3148148148148148 0.41203703703703703 0.3148148148148148 0.4236111111111111 0.3101851851851852 0.42592592592592593 0.30324074074074076 0.4236111111111111 0.30092592592592593 0.41435185185185186
0 0.19444444444444445 0.21296296296296297 0.2013888888888889 0.21296296296296297 0.2037037037037037 0.2152777777777778 0.2037037037037037 0.2222222222222222 0.19907407407407407 0.22685185185185186 0.19675925925925927 0.22685185185185186 0.19212962962962962 0.2199074074074074 0.19444444444444445 0.2152777777777778
0 0.8472222222222222 0.36342592592592593 0.8449074074074074 0.3680555555555556 0.8379629629629629 0.3680555555555556 0.8379629629629629 0.36342592592592593 0.8402777777777778 0.3611111111111111 0.8449074074074074 0.36342592592592593
0 0.6504629629629629 0.08333333333333333 0.6597222222222222 0.08333333333333333 0.6620370370370371 0.08796296296296297 0.6550925925925926 0.09259259259259259 0.6504629629629629 0.09027777777777778 0.6504629629629629 0.08564814814814815
0 0.22685185185185186 0.4050925925925926 0.2337962962962963 0.4027777777777778 0.2361111111111111 0.4074074074074074 0.23148148148148148 0.41203703703703703 0.22685185185185186 0.4097222222222222 0.22685185185185186 0.4074074074074074
0 0.2037037037037037 0.5231481481481481 0.21064814814814814 0.5208333333333334 0.21296296296296297 0.5254629629629629 0.21296296296296297 0.5300925925925926 0.2037037037037037 0.5300925925925926 0.2037037037037037 0.5254629629629629
0 0.3333333333333333 0.24074074074074073 0.018518518518518517 0.013888888888888888
0 0.9953703703703703 0.41898148148148145 0.9976851851851852 0.4212962962962963 0.9976851851851852 0.42592592592592593 0.9953703703703703 0.42824074074074076 0.9907407407407407 0.42824074074074076 0.9884259259259259 0.42592592592592593 0.9884259259259259 0.4212962962962963 0.9930555555555556 0.41898148148148145
0 0.29050925925925924 0.19675925925925927 0.011574074074074073 0.013888888888888888