0 0.5763888888888888 0.5324074074074074 0.5787037037037037 0.5324074074074074 0.5763888888888888 0.5370370370370371 0.5694444444444444 0.5370370370370371 0.5694444444444444 0.5324074074074074 0.5740740740740741 0.5300925925925926
0 0.3888888888888889 0.6875 0.39351851851851855 0.6875 0.39351851851851855 0.6944444444444444 0.3912037037037037 0.6967592592592593 0.3888888888888889 0.6967592592592593 0.3888888888888889 0.6898148148148148
0 0.7708333333333334 0.9351851851851852 0.7708333333333334 0.9259259259259259 0.7754629629629629 0.9212962962962963 0.7824074074074074 0.9259259259259259 0.7824074074074074 0.9328703703703703 0.7754629629629629 0.9375 0.7731481481481481 0.9351851851851852
0 0.8634259259259259 0.05324074074074074 0.009259259259259259 0.009259259259259259
0 0.20949074074074073 0.05324074074074074 0.006944444444444444 0.009259259259259259
0 0.09953703703703703 0.33101851851851855 0.09953703703703703 0.3263888888888889 0.10185185185185185 0.32407407407407407 0.10648148148148148 0.3263888888888889 0.10648148148148148 0.33101851851851855 0.10185185185185185 0.33101851851851855
0 0.3055555555555556 0.7511574074074074 0.009259259259259259 0.011574074074074073
0 0.4039351851851852 0.9131944444444444 0.006944444444444444 0.006944444444444444
0 0.6041666666666666 0.8888888888888888 0.004629629629629629 0.009259259259259259
0 0.06018518518518518 0.9328703703703703 0.06712962962962964 0.9328703703703703 0.06712962962962964 0.9398148148148148 0.06481481481481481 0.9421296296296297 0.06018518518518518 0.9398148148148148 0.06018518518518518 0.9351851851851852
0 0.32407407407407407 0.1087962962962963 0.32407407407407407 0.11574074074074074 0.32175925925925924 0.11805555555555555 0.31712962962962965 0.11574074074074074 0.31712962962962965 0.1111111111111111 0.32175925925925924 0.1087962962962963
0 0.3923611111111111 0.16203703703703703 0.006944444444444444 0.009259259259259259
0 0.14814814814814814 0.13194444444444445 0.1527777777777778 0.13194444444444445 0.1527777777777778 0.1388888888888889 0.14814814814814814 0.1388888888888889 0.14814814814814814 0.13425925925925927
0 0.7615740740740741 0.9861111111111112 0.7638888888888888 0.9907407407407407 0.7615740740740741 0.9930555555555556 0.7569444444444444 0.9930555555555556 0.7546296296296297 0.9907407407407407 0.7546296296296297 0.9884259259259259 0.7592592592592593 0.9861111111111112
0 0.375 0.40046296296296297 0.375 0.39351851851851855 0.3773148148148148 0.3912037037037037 0.3819444444444444 0.39351851851851855 0.3819444444444444 0.39814814814814814 0.3773148148148148 0.40046296296296297
0 0.31712962962962965 0.9212962962962963 0.32175925925925924 0.9212962962962963 0.32407407407407407 0.9236111111111112 0.32407407407407407 0.9282407407407407 0.32175925925925924 0.9305555555555556 0.31712962962962965 0.9305555555555556 0.3148148148148148 0.9282407407407407 0.31712962962962965 0.9236111111111112
0 0.19444444444444445 0.6145833333333334 0.009259259259259259 0.011574074074074073
0 0.5775462962962963 0.7268518518518519 0.006944444444444444 0.009259259259259259
0 0.9305555555555556 0.3958333333333333 0.009259259259259259 0.009259259259259259
0 0.41203703703703703 0.06712962962962964 0.009259259259259259 0.009259259259259259
0 0.9606481481481481 0.2569444444444444 0.9675925925925926 0.2569444444444444 0.9675925925925926 0.2638888888888889 0.9629629629629629 0.2638888888888889 0.9606481481481481 0.25925925925925924
0 0.6724537037037037 0.8240740740740741 0.006944444444444444 0.009259259259259259
0 0.20833333333333334 0.6875 0.2152777777777778 0.6875 0.2152777777777778 0.6921296296296297 0.21064814814814814 0.6944444444444444 0.20601851851851852 0.6921296296296297 0.20833333333333334 0.6898148148148148
0 0.4224537037037037 0.41550925925925924 0.006944444444444444 0.006944444444444444
0 0.5231481481481481 0.1550925925925926 0.5277777777777778 0.1574074074074074 0.5277777777777778 0.16203703703703703 0.5254629629629629 0.16435185185185186 0.5208333333333334 0.16203703703703703 0.5231481481481481 0.1574074074074074
0 0.28935185185185186 0.9143518518518519 0.2962962962962963 0.9143518518518519 0.2986111111111111 0.9166666666666666 0.2962962962962963 0.9212962962962963 0.28935185185185186 0.9212962962962963 0.28935185185185186 0.9166666666666666
0 0.2800925925925926 0.8541666666666666 0.009259259259259259 0.009259259259259259