0 0.7800925925925926 0.027777777777777776 0.7800925925925926 0.037037037037037035 0.7754629629629629 0.03935185185185185 0.7708333333333334 0.03935185185185185 0.7685185185185185 0.037037037037037035 0.7685185185185185 0.03009259259259259 0.7708333333333334 0.027777777777777776 0.7777777777777778 0.027777777777777776
0 0.046296296296296294 0.1388888888888889 0.05092592592592592 0.1412037037037037 0.05092592592592592 0.15046296296296297 0.04398148148148148 0.15046296296296297 0.04398148148148148 0.1412037037037037
0 0.5300925925925926 0.1412037037037037 0.5324074074074074 0.14351851851851852 0.5324074074074074 0.14814814814814814 0.5277777777777778 0.15046296296296297 0.5254629629629629 0.14814814814814814 0.5254629629629629 0.14351851851851852 0.5277777777777778 0.14351851851851852
0 0.5497685185185185 0.16087962962962962 0.006944444444444444 0.006944444444444444
0 0.9108796296296297 0.2048611111111111 0.006944444444444444 0.006944444444444444
0 0.8217592592592593 0.2777777777777778 0.8240740740740741 0.2800925925925926 0.8217592592592593 0.28703703703703703 0.8171296296296297 0.28703703703703703 0.8148148148148148 0.2847222222222222 0.8148148148148148 0.2800925925925926 0.8194444444444444 0.2777777777777778
0 0.4131944444444444 0.11689814814814815 0.006944444444444444 0.006944444444444444
0 0.10069444444444445 0.6782407407407407 0.006944444444444444 0.009259259259259259
0 0.6851851851851852 0.4351851851851852 0.6898148148148148 0.4351851851851852 0.6898148148148148 0.44212962962962965 0.6851851851851852 0.44212962962962965 0.6828703703703703 0.4398148148148148 0.6851851851851852 0.4375
0 0.2222222222222222 0.19212962962962962 0.22685185185185186 0.19212962962962962 0.22916666666666666 0.19444444444444445 0.22685185185185186 0.19907407407407407 0.2222222222222222 0.19907407407407407 0.2222222222222222 0.19444444444444445
0 0.36342592592592593 0.34953703703703703 0.009259259259259259 0.009259259259259259
0 0.23148148148148148 0.19675925925925927 0.2361111111111111 0.19907407407407407 0.2361111111111111 0.2037037037037037 0.2337962962962963 0.20601851851851852 0.23148148148148148 0.20601851851851852 0.22916666666666666 0.2013888888888889 0.23148148148148148 0.19907407407407407
0 0 0.08333333333333333 0.004629629629629629 0.08564814814814815 0.004629629629629629 0.09259259259259259 0 0.09259259259259259 0 0.08564814814814815
0 0.9791666666666666 0.5601851851851852 0.009259259259259259 0.009259259259259259
0 0.6018518518518519 0.7939814814814815 0.6041666666666666 0.7939814814814815 0.6041666666666666 0.8032407407407407 0.6018518518518519 0.8032407407407407 0.6018518518518519 0.7962962962962963
0 0.3854166666666667 0.6331018518518519 0.006944444444444444 0.011574074074074073
0 0.5497685185185185 0.23032407407407407 0.006944444444444444 0.006944444444444444
0 0.3958333333333333 0.3541666666666667 0.39814814814814814 0.35648148148148145 0.39814814814814814 0.3611111111111111 0.3958333333333333 0.36342592592592593 0.3912037037037037 0.36342592592592593 0.3888888888888889 0.3611111111111111 0.3888888888888889 0.35648148148148145 0.39351851851851855 0.3541666666666667
0 0.45949074074074076 0.47800925925925924 0.006944444444444444 0.006944444444444444
0 0.7569444444444444 0.5069444444444444 0.7615740740740741 0.5069444444444444 0.7638888888888888 0.5092592592592593 0.7615740740740741 0.5162037037037037 0.7569444444444444 0.5138888888888888 0.7569444444444444 0.5092592592592593
0 0.011574074074074073 0.9328703703703703 0.018518518518518517 0.9375 0.018518518518518517 0.9398148148148148 0.016203703703703703 0.9421296296296297 0.009259259259259259 0.9421296296296297 0.009259259259259259 0.9351851851851852
0 0.9722222222222222 0.4675925925925926 0.9722222222222222 0.47453703703703703 0.9652777777777778 0.47453703703703703 0.9652777777777778 0.4699074074074074 0.9699074074074074 0.4675925925925926
0 0.8379629629629629 0.7245370370370371 0.8425925925925926 0.7291666666666666 0.8425925925925926 0.7337962962962963 0.8379629629629629 0.7337962962962963 0.8356481481481481 0.7314814814814815 0.8356481481481481 0.7268518518518519
0 0.43287037037037035 0.041666666666666664 0.43287037037037035 0.037037037037037035 0.4351851851851852 0.034722222222222224 0.4398148148148148 0.037037037037037035 0.4398148148148148 0.041666666666666664 0.4351851851851852 0.041666666666666664
0 0.6516203703703703 0.625 0.011574074074074073 0.013888888888888888
0 0.6701388888888888 0.9629629629629629 0.006944444444444444 0.009259259259259259
0 0.8032407407407407 0.33101851851851855 0.8078703703703703 0.33796296296296297 0.8009259259259259 0.3425925925925926 0.7986111111111112 0.33796296296296297 0.7986111111111112 0.3333333333333333 0.8009259259259259 0.3333333333333333
0 0.9791666666666666 0.4965277777777778 0.009259259259259259 0.006944444444444444
0 0.24189814814814814 0.7534722222222222 0.006944444444444444 0.006944444444444444