0 0.7256944444444444 0.11574074074074074 0.006944444444444444 0.009259259259259259
0 0.875 0 0.8796296296296297 0 0.8796296296296297 0.006944444444444444 0.875 0.006944444444444444 0.875 0.0023148148148148147
0 0.24768518518518517 0.1712962962962963 0.004629629629629629 0.009259259259259259
0 0.5034722222222222 0.4351851851851852 0.006944444444444444 0.009259259259259259
0 0.8391203703703703 0.9120370370370371 0.006944444444444444 0.009259259259259259
0 0.9409722222222222 0.44560185185185186 0.006944444444444444 0.006944444444444444
0 0.06597222222222222 0.35648148148148145 0.006944444444444444 0.009259259259259259
0 0.13078703703703703 0.4965277777777778 0.006944444444444444 0.006944444444444444
0 0.047453703703703706 0.08333333333333333 0.006944444444444444 0.009259259259259259
0 0.9803240740740741 0.47337962962962965 0.006944444444444444 0.006944444444444444
0 0.3587962962962963 0.4965277777777778 0.004629629629629629 0.006944444444444444
0 0.43287037037037035 0.36226851851851855 0.004629629629629629 0.006944444444444444
0 0.19444444444444445 0.2361111111111111 0.19907407407407407 0.2361111111111111 0.2013888888888889 0.23842592592592593 0.2013888888888889 0.24305555555555555 0.19444444444444445 0.24305555555555555 0.19444444444444445 0.23842592592592593
0 0.47453703703703703 0.6643518518518519 0.47685185185185186 0.6736111111111112 0.47453703703703703 0.6759259259259259 0.4675925925925926 0.6712962962962963 0.4675925925925926 0.6689814814814815 0.4722222222222222 0.6666666666666666
0 0.30439814814814814 0.53125 0.006944444444444444 0.011574074074074073
0 0.30439814814814814 0.5752314814814815 0.006944444444444444 0.006944444444444444
0 0.47800925925925924 0.7870370370370371 0.006944444444444444 0.009259259259259259
0 0.5393518518518519 0.3055555555555556 0.004629629629629629 0.009259259259259259
0 0.15393518518518517 0.41550925925925924 0.006944444444444444 0.006944444444444444
0 0.5763888888888888 0.7893518518518519 0.5810185185185185 0.7939814814814815 0.5787037037037037 0.7986111111111112 0.5740740740740741 0.7986111111111112 0.5717592592592593 0.7939814814814815 0.5740740740740741 0.7916666666666666
0 0.6967592592592593 0.7638888888888888 0.004629629629629629 0.004629629629629629
0 0.5057870370370371 0.5428240740740741 0.006944444444444444 0.006944444444444444
0 0.5740740740740741 0.3194444444444444 0.004629629629629629 0.009259259259259259
0 0.8032407407407407 0.2777777777777778 0.004629629629629629 0.009259259259259259
0 0.5902777777777778 0.9282407407407407 0.009259259259259259 0.009259259259259259
0 0.9282407407407407 0.2013888888888889 0.004629629629629629 0.009259259259259259
0 0.3576388888888889 0.8912037037037037 0.006944444444444444 0.009259259259259259