0 0.3599537037037037 0.7893518518518519 0.006944444444444444 0.009259259259259259
0 0.6134259259259259 0.5208333333333334 0.6180555555555556 0.5208333333333334 0.6203703703703703 0.5231481481481481 0.6180555555555556 0.5277777777777778 0.6134259259259259 0.5277777777777778 0.6134259259259259 0.5231481481481481
0 0.9259259259259259 0.28935185185185186 0.009259259259259259 0.009259259259259259
0 0.8738425925925926 0.6793981481481481 0.006944444444444444 0.006944444444444444
0 0.9953703703703703 0.4583333333333333 0.9976851851851852 0.46064814814814814 0.9976851851851852 0.4675925925925926 0.9930555555555556 0.4675925925925926 0.9907407407407407 0.4652777777777778 0.9930555555555556 0.46064814814814814
0 0.7523148148148148 0.8171296296296297 0.009259259259259259 0.009259259259259259
0 0.6574074074074074 0.2708333333333333 0.009259259259259259 0.009259259259259259
0 0.03819444444444445 0.6979166666666666 0.006944444444444444 0.006944444444444444
0 0.3263888888888889 0.5972222222222222 0.33101851851851855 0.5972222222222222 0.3333333333333333 0.5995370370370371 0.33101851851851855 0.6041666666666666 0.3263888888888889 0.6041666666666666 0.3263888888888889 0.5995370370370371
0 0.16203703703703703 0.7893518518518519 0.16435185185185186 0.7847222222222222 0.16898148148148148 0.7824074074074074 0.1712962962962963 0.7870370370370371 0.16898148148148148 0.7916666666666666 0.16435185185185186 0.7916666666666666
0 0.8738425925925926 0.90625 0.006944444444444444 0.011574074074074073
0 0.9699074074074074 0.7777777777777778 0.9745370370370371 0.7824074074074074 0.9722222222222222 0.7870370370370371 0.9652777777777778 0.7870370370370371 0.9652777777777778 0.7824074074074074 0.9675925925925926 0.7800925925925926
0 0.2708333333333333 0.9594907407407407 0.009259259259259259 0.006944444444444444
0 0.10185185185185185 0.9583333333333334 0.10648148148148148 0.9513888888888888 0.11342592592592593 0.9513888888888888 0.11342592592592593 0.9583333333333334 0.1111111111111111 0.9606481481481481 0.10648148148148148 0.9606481481481481 0.10416666666666667 0.9583333333333334
0 0.23842592592592593 0.21064814814814814 0.24537037037037038 0.21064814814814814 0.24537037037037038 0.2175925925925926 0.23842592592592593 0.2175925925925926 0.23842592592592593 0.21296296296296297
0 0.047453703703703706 0.7488425925925926 0.006944444444444444 0.006944444444444444
0 0.1840277777777778 0.4212962962962963 0.006944444444444444 0.009259259259259259
0 0.1909722222222222 0.5104166666666666 0.006944444444444444 0.006944444444444444
0 0.13541666666666666 0.6157407407407407 0.006944444444444444 0.009259259259259259
0 0.9918981481481481 0.7592592592592593 0.006944444444444444 0.009259259259259259
0 0.37962962962962965 0.23148148148148148 0.38657407407407407 0.23148148148148148 0.38657407407407407 0.2361111111111111 0.3819444444444444 0.23842592592592593 0.37962962962962965 0.2337962962962963
0 0.9976851851851852 0.4930555555555556 0.9976851851851852 0.5046296296296297 0.9930555555555556 0.5046296296296297 0.9907407407407407 0.5023148148148148 0.9907407407407407 0.49537037037037035 0.9953703703703703 0.4930555555555556
0 0.39814814814814814 0.47685185185185186 0.4027777777777778 0.4837962962962963 0.40046296296296297 0.4861111111111111 0.3958333333333333 0.4861111111111111 0.3958333333333333 0.48148148148148145 0.39814814814814814 0.4791666666666667
0 0.42592592592592593 0.48842592592592593 0.43287037037037035 0.48842592592592593 0.43287037037037035 0.4930555555555556 0.4305555555555556 0.49537037037037035 0.42824074074074076 0.49537037037037035 0.42592592592592593 0.49074074074074076
0 0.45023148148148145 0.8125 0.011574074074074073 0.009259259259259259
0 0.11574074074074074 0.15856481481481483 0.009259259259259259 0.011574074074074073
0 0.6203703703703703 0.2337962962962963 0.625 0.2361111111111111 0.6226851851851852 0.24305555555555555 0.6203703703703703 0.24305555555555555 0.6180555555555556 0.23842592592592593 0.6203703703703703 0.2361111111111111
0 0.5347222222222222 0.9930555555555556 0.5416666666666666 0.9930555555555556 0.5416666666666666 0.9976851851851852 0.5347222222222222 0.9976851851851852 0.5347222222222222 0.9953703703703703
0 0.6331018518518519 0.13425925925925927 0.006944444444444444 0.009259259259259259
0 0.24074074074074073 0.47685185185185186 0.25 0.47685185185185186 0.2523148148148148 0.4791666666666667 0.24768518518518517 0.48842592592592593 0.24074074074074073 0.4861111111111111 0.24074074074074073 0.4791666666666667
0 0.25 0.9861111111111112 0.25 0.9907407407407407 0.24768518518518517 0.9930555555555556 0.24305555555555555 0.9930555555555556 0.24305555555555555 0.9884259259259259 0.24768518518518517 0.9861111111111112
0 0.9143518518518519 0.6064814814814815 0.9189814814814815 0.6064814814814815 0.9189814814814815 0.6134259259259259 0.9166666666666666 0.6157407407407407 0.9143518518518519 0.6157407407407407 0.9143518518518519 0.6087962962962963
0 0.33796296296296297 0.7847222222222222 0.009259259259259259 0.009259259259259259
0 0.35300925925925924 0.19675925925925927 0.006944444444444444 0.009259259259259259