0 0.6412037037037037 0.5671296296296297 0.6481481481481481 0.5648148148148148 0.6504629629629629 0.5694444444444444 0.6481481481481481 0.5740740740740741 0.6412037037037037 0.5740740740740741 0.6412037037037037 0.5694444444444444
0 0.08333333333333333 0.3287037037037037 0.09259259259259259 0.3287037037037037 0.09722222222222222 0.33564814814814814 0.09259259259259259 0.3425925925925926 0.08333333333333333 0.3425925925925926 0.08101851851851852 0.33796296296296297 0.08101851851851852 0.3333333333333333 0.08333333333333333 0.33101851851851855
0 0.3819444444444444 0.6608796296296297 0.009259259259259259 0.011574074074074073
0 0.9097222222222222 0.8217592592592593 0.9120370370370371 0.8240740740740741 0.9120370370370371 0.8287037037037037 0.9074074074074074 0.8310185185185185 0.9027777777777778 0.8310185185185185 0.9004629629629629 0.8287037037037037 0.9004629629629629 0.8217592592592593 0.9027777777777778 0.8194444444444444 0.9074074074074074 0.8217592592592593
0 0.0625 0.8125 0.06712962962962964 0.8171296296296297 0.0625 0.8240740740740741 0.05787037037037037 0.8240740740740741 0.05555555555555555 0.8217592592592593 0.05555555555555555 0.8148148148148148 0.06018518518518518 0.8125
0 0.9016203703703703 0.7638888888888888 0.006944444444444444 0.009259259259259259
0 0.2523148148148148 0.7291666666666666 0.25 0.7199074074074074 0.25462962962962965 0.7129629629629629 0.2662037037037037 0.7129629629629629 0.2708333333333333 0.7175925925925926 0.26851851851851855 0.7291666666666666 0.2638888888888889 0.7291666666666666 0.26157407407407407 0.7314814814814815 0.2569444444444444 0.7314814814814815 0.25462962962962965 0.7291666666666666
0 0.11342592592592593 0.2708333333333333 0.12037037037037036 0.2708333333333333 0.12037037037037036 0.27546296296296297 0.11805555555555555 0.2777777777777778 0.11574074074074074 0.2777777777777778 0.11342592592592593 0.27314814814814814
0 0.7523148148148148 0.8194444444444444 0.7546296296296297 0.8217592592592593 0.7546296296296297 0.8263888888888888 0.7523148148148148 0.8287037037037037 0.7453703703703703 0.8240740740740741 0.7453703703703703 0.8217592592592593 0.75 0.8194444444444444
0 0.09027777777777778 0.9699074074074074 0.09259259259259259 0.9722222222222222 0.09259259259259259 0.9791666666666666 0.08333333333333333 0.9791666666666666 0.08333333333333333 0.9722222222222222 0.08796296296296297 0.9699074074074074
0 0.9884259259259259 0.9490740740740741 0.9907407407407407 0.9537037037037037 0.9884259259259259 0.9560185185185185 0.9814814814814815 0.9560185185185185 0.9814814814814815 0.9513888888888888 0.9861111111111112 0.9490740740740741
0 0.8148148148148148 0.8796296296296297 0.8240740740740741 0.8796296296296297 0.8240740740740741 0.8865740740740741 0.8171296296296297 0.8865740740740741 0.8148148148148148 0.8819444444444444
0 0.35185185185185186 0.6342592592592593 0.35185185185185186 0.6296296296296297 0.35648148148148145 0.625 0.3611111111111111 0.6273148148148148 0.3611111111111111 0.6365740740740741 0.35648148148148145 0.6365740740740741 0.3541666666666667 0.6342592592592593
0 0.2604166666666667 0.0625 0.006944444444444444 0.009259259259259259
0 0.6203703703703703 0.8148148148148148 0.6273148148148148 0.8148148148148148 0.6296296296296297 0.8171296296296297 0.6296296296296297 0.8240740740740741 0.625 0.8263888888888888 0.6203703703703703 0.8240740740740741 0.6203703703703703 0.8171296296296297
0 0.7581018518518519 0.9282407407407407 0.020833333333333332 0.018518518518518517
0 0.6620370370370371 0.9143518518518519 0.6643518518518519 0.9189814814814815 0.6620370370370371 0.9236111111111112 0.6550925925925926 0.9236111111111112 0.6550925925925926 0.9166666666666666 0.6597222222222222 0.9143518518518519
0 0.7291666666666666 0.13425925925925927 0.7314814814814815 0.13657407407407407 0.7314814814814815 0.14351851851851852 0.7291666666666666 0.14583333333333334 0.7222222222222222 0.14583333333333334 0.7152777777777778 0.1388888888888889 0.7152777777777778 0.13425925925925927 0.7175925925925926 0.13194444444444445 0.7245370370370371 0.13194444444444445 0.7268518518518519 0.13425925925925927
0 0.7638888888888888 0.8634259259259259 0.7708333333333334 0.8634259259259259 0.7708333333333334 0.8680555555555556 0.7685185185185185 0.8703703703703703 0.7638888888888888 0.8703703703703703 0.7638888888888888 0.8657407407407407