0 0.46875 0.9039351851851852 0.006944444444444444 0.006944444444444444
0 0.01273148148148148 0.42476851851851855 0.006944444444444444 0.006944444444444444
0 0.18171296296296297 0.21180555555555555 0.006944444444444444 0.006944444444444444
0 0.7592592592592593 0.04050925925925926 0.009259259259259259 0.006944444444444444
0 0.6284722222222222 0.2222222222222222 0.006944444444444444 0.004629629629629629
0 0.7800925925925926 0.4756944444444444 0.009259259259259259 0.006944444444444444
0 0.20833333333333334 0.19444444444444445 0.2152777777777778 0.18981481481481483 0.2222222222222222 0.19444444444444445 0.2222222222222222 0.19907407407407407 0.2175925925925926 0.2037037037037037 0.21064814814814814 0.2037037037037037 0.20833333333333334 0.19675925925925927
0 0.16666666666666666 0.24305555555555555 0.004629629629629629 0.004629629629629629
0 0.1400462962962963 0.08680555555555555 0.006944444444444444 0.006944444444444444
0 0.7048611111111112 0.12384259259259259 0.006944444444444444 0.006944444444444444
0 0.6018518518518519 0.9930555555555556 0.6018518518518519 0.9884259259259259 0.6041666666666666 0.9861111111111112 0.6087962962962963 0.9884259259259259 0.6087962962962963 0.9930555555555556 0.6041666666666666 0.9930555555555556
0 0.7152777777777778 0.39699074074074076 0.009259259259259259 0.006944444444444444