0 0.7013888888888888 0 0.7129629629629629 0 0.7106481481481481 0.004629629629629629 0.7013888888888888 0.004629629629629629 0.7013888888888888 0.0023148148148148147
0 0.6435185185185185 0.032407407407407406 0.6458333333333334 0.034722222222222224 0.6458333333333334 0.03935185185185185 0.6435185185185185 0.041666666666666664 0.6388888888888888 0.041666666666666664 0.6365740740740741 0.03935185185185185 0.6365740740740741 0.034722222222222224 0.6412037037037037 0.032407407407407406
0 0.8854166666666666 0.7013888888888888 0.006944444444444444 0.009259259259259259
0 0.9328703703703703 0.5023148148148148 0.9375 0.5023148148148148 0.9398148148148148 0.5046296296296297 0.9398148148148148 0.5115740740740741 0.9351851851851852 0.5138888888888888 0.9305555555555556 0.5115740740740741 0.9305555555555556 0.5069444444444444 0.9328703703703703 0.5046296296296297
0 0.7303240740740741 0.3090277777777778 0.006944444444444444 0.006944444444444444
0 0.10185185185185185 0.6574074074074074 0.1087962962962963 0.6574074074074074 0.1087962962962963 0.6643518518518519 0.10416666666666667 0.6643518518518519 0.10185185185185185 0.6597222222222222
0 0.41782407407407407 0.6585648148148148 0.006944444444444444 0.006944444444444444
0 0.16319444444444445 0.21412037037037038 0.011574074074074073 0.011574074074074073
0 0.059027777777777776 0.32407407407407407 0.006944444444444444 0.009259259259259259
0 0.9768518518518519 0.6412037037037037 0.009259259259259259 0.009259259259259259
0 0.8101851851851852 0.7592592592592593 0.8078703703703703 0.7662037037037037 0.8032407407407407 0.7662037037037037 0.8032407407407407 0.7615740740740741 0.8078703703703703 0.7592592592592593
0 0.6053240740740741 0.15856481481481483 0.006944444444444444 0.006944444444444444
0 0.9826388888888888 0.17939814814814814 0.006944444444444444 0.006944444444444444
0 0.5763888888888888 0.03935185185185185 0.009259259259259259 0.009259259259259259
0 0.18981481481481483 0.6793981481481481 0.004629629629629629 0.006944444444444444
0 0.0625 0.4652777777777778 0.009259259259259259 0.009259259259259259
0 0.6851851851851852 0.28703703703703703 0.6875 0.28935185185185186 0.6875 0.29398148148148145 0.6805555555555556 0.29398148148148145 0.6782407407407407 0.2916666666666667 0.6782407407407407 0.28935185185185186 0.6828703703703703 0.28703703703703703
0 0.39814814814814814 0.21643518518518517 0.009259259259259259 0.006944444444444444
0 0.9224537037037037 0.7372685185185185 0.006944444444444444 0.006944444444444444
0 0.23148148148148148 0.09375 0.013888888888888888 0.016203703703703703
0 0.034722222222222224 0.5208333333333334 0.041666666666666664 0.5208333333333334 0.041666666666666664 0.5254629629629629 0.03935185185185185 0.5277777777777778 0.037037037037037035 0.5277777777777778 0.034722222222222224 0.5231481481481481
0 0.7881944444444444 0.041666666666666664 0.006944444444444444 0.009259259259259259
0 0.8530092592592593 0.4525462962962963 0.006944444444444444 0.006944444444444444
0 0.9247685185185185 0.02199074074074074 0.006944444444444444 0.006944444444444444
0 0.9097222222222222 0.5879629629629629 0.009259259259259259 0.009259259259259259
0 0.5960648148148148 0.2465277777777778 0.006944444444444444 0.006944444444444444
0 0.26851851851851855 0.041666666666666664 0.2708333333333333 0.046296296296296294 0.2662037037037037 0.05092592592592592 0.26157407407407407 0.04861111111111111 0.26157407407407407 0.04398148148148148 0.2662037037037037 0.041666666666666664
0 0.7592592592592593 0.8854166666666666 0.009259259259259259 0.011574074074074073
0 0.15162037037037038 0.7974537037037037 0.006944444444444444 0.006944444444444444
0 0.8368055555555556 0.45949074074074076 0.006944444444444444 0.006944444444444444
0 0.2175925925925926 0.8136574074074074 0.009259259259259259 0.006944444444444444