0 0.7939814814814815 0.07175925925925926 0.8009259259259259 0.06712962962962964 0.8078703703703703 0.06712962962962964 0.8101851851851852 0.06944444444444445 0.8101851851851852 0.0763888888888889 0.8078703703703703 0.0787037037037037 0.8009259259259259 0.0787037037037037 0.7962962962962963 0.07407407407407407
0 0.5787037037037037 0.27314814814814814 0.5810185185185185 0.27546296296296297 0.5810185185185185 0.2800925925925926 0.5717592592592593 0.2800925925925926 0.5717592592592593 0.27546296296296297 0.5763888888888888 0.27314814814814814
0 0.8634259259259259 0.7893518518518519 0.8680555555555556 0.7893518518518519 0.8703703703703703 0.7916666666666666 0.8703703703703703 0.7962962962962963 0.8680555555555556 0.7986111111111112 0.8611111111111112 0.7939814814814815 0.8634259259259259 0.7916666666666666
0 0.5648148148148148 0.30092592592592593 0.5740740740740741 0.30092592592592593 0.5740740740740741 0.30787037037037035 0.5671296296296297 0.30787037037037035 0.5648148148148148 0.30324074074074076
0 0.7893518518518519 0.04398148148148148 0.7939814814814815 0.05092592592592592 0.7916666666666666 0.05324074074074074 0.7870370370370371 0.05324074074074074 0.7847222222222222 0.05092592592592592 0.7870370370370371 0.046296296296296294
0 0.13194444444444445 0.16435185185185186 0.1388888888888889 0.16435185185185186 0.1412037037037037 0.16666666666666666 0.13657407407407407 0.1736111111111111 0.13194444444444445 0.1712962962962963 0.13194444444444445 0.16666666666666666
0 0.4375 0.2326388888888889 0.009259259259259259 0.006944444444444444
0 0.7986111111111112 0.46064814814814814 0.7986111111111112 0.4537037037037037 0.8009259259259259 0.4513888888888889 0.8055555555555556 0.4537037037037037 0.8055555555555556 0.46064814814814814 0.8009259259259259 0.46064814814814814
0 0.35532407407407407 0.23148148148148148 0.006944444444444444 0.009259259259259259
0 0.9837962962962963 0.3854166666666667 0.009259259259259259 0.006944444444444444
0 0.5046296296296297 0.8125 0.5023148148148148 0.8217592592592593 0.4976851851851852 0.8217592592592593 0.4976851851851852 0.8148148148148148 0.5023148148148148 0.8125
0 0.7268518518518519 0.1087962962962963 0.7314814814814815 0.10648148148148148 0.7361111111111112 0.1087962962962963 0.7361111111111112 0.11342592592592593 0.7337962962962963 0.11574074074074074 0.7268518518518519 0.11342592592592593 0.7268518518518519 0.1111111111111111
0 0.3263888888888889 0.016203703703703703 0.33101851851851855 0.016203703703703703 0.33101851851851855 0.023148148148148147 0.3263888888888889 0.023148148148148147 0.3263888888888889 0.018518518518518517