0 0.9259259259259259 0.2824074074074074 0.9305555555555556 0.2824074074074074 0.9305555555555556 0.28935185185185186 0.9282407407407407 0.2916666666666667 0.9259259259259259 0.2916666666666667 0.9236111111111112 0.28703703703703703 0.9259259259259259 0.2847222222222222
0 0.5717592592592593 0.3541666666666667 0.5717592592592593 0.34953703703703703 0.5740740740740741 0.3472222222222222 0.5787037037037037 0.34953703703703703 0.5787037037037037 0.3541666666666667 0.5763888888888888 0.35648148148148145 0.5740740740740741 0.3541666666666667
0 0.7754629629629629 0.6307870370370371 0.009259259259259259 0.011574074074074073
0 0.9814814814814815 0.08564814814814815 0.9814814814814815 0.0787037037037037 0.9837962962962963 0.0763888888888889 0.9884259259259259 0.0787037037037037 0.9884259259259259 0.08564814814814815 0.9837962962962963 0.08564814814814815
0 0.8125 0.5648148148148148 0.8171296296296297 0.5648148148148148 0.8217592592592593 0.5694444444444444 0.8194444444444444 0.5787037037037037 0.8171296296296297 0.5810185185185185 0.8125 0.5810185185185185 0.8101851851851852 0.5787037037037037 0.8101851851851852 0.5694444444444444 0.8125 0.5671296296296297
0 0.5115740740740741 0.9907407407407407 0.5162037037037037 0.9976851851851852 0.5069444444444444 0.9976851851851852 0.5092592592592593 0.9930555555555556
0 0.05555555555555555 0.5324074074074074 0.06018518518518518 0.5324074074074074 0.06018518518518518 0.5393518518518519 0.05787037037037037 0.5416666666666666 0.05555555555555555 0.5393518518518519 0.05555555555555555 0.5347222222222222
0 0.8958333333333334 0.36689814814814814 0.009259259259259259 0.006944444444444444
0 0.056712962962962965 0.6759259259259259 0.006944444444444444 0.009259259259259259
0 0.9247685185185185 0.8668981481481481 0.006944444444444444 0.006944444444444444
0 0.30092592592592593 0.27546296296296297 0.3055555555555556 0.27546296296296297 0.3055555555555556 0.2824074074074074 0.30324074074074076 0.2847222222222222 0.30092592592592593 0.2847222222222222 0.30092592592592593 0.2777777777777778
0 0.5254629629629629 0.2152777777777778 0.5300925925925926 0.2175925925925926 0.5300925925925926 0.2222222222222222 0.5277777777777778 0.22453703703703703 0.5231481481481481 0.2222222222222222 0.5254629629629629 0.2175925925925926
0 0.16435185185185186 0.8310185185185185 0.009259259259259259 0.009259259259259259
0 0.21064814814814814 0.32407407407407407 0.2152777777777778 0.32407407407407407 0.2152777777777778 0.33101851851851855 0.21064814814814814 0.33101851851851855 0.21064814814814814 0.3263888888888889
0 0.42824074074074076 0.8449074074074074 0.4351851851851852 0.8449074074074074 0.4351851851851852 0.8495370370370371 0.43287037037037035 0.8518518518518519 0.4305555555555556 0.8518518518518519 0.42824074074074076 0.8472222222222222
0 0.19675925925925927 0.4074074074074074 0.19907407407407407 0.4027777777777778 0.2037037037037037 0.40046296296296297 0.20601851851851852 0.4074074074074074 0.2037037037037037 0.4097222222222222 0.19907407407407407 0.4097222222222222
0 0.6620370370370371 0.6782407407407407 0.6620370370370371 0.6828703703703703 0.6597222222222222 0.6851851851851852 0.6527777777777778 0.6851851851851852 0.6504629629629629 0.6828703703703703 0.6550925925925926 0.6759259259259259 0.6597222222222222 0.6782407407407407
0 0.7222222222222222 0.7361111111111112 0.7245370370370371 0.7384259259259259 0.7245370370370371 0.7476851851851852 0.7152777777777778 0.7476851851851852 0.7129629629629629 0.7453703703703703 0.7129629629629629 0.7384259259259259 0.7199074074074074 0.7361111111111112
0 0.5578703703703703 0.7361111111111112 0.009259259259259259 0.009259259259259259
0 0.16550925925925927 0.041666666666666664 0.006944444444444444 0.009259259259259259
0 0.25 0.3275462962962963 0.009259259259259259 0.011574074074074073
0 0.3298611111111111 0.11689814814814815 0.006944444444444444 0.006944444444444444