0 0.8495370370370371 0.18981481481481483 0.8518518518518519 0.19907407407407407 0.8472222222222222 0.20601851851851852 0.8379629629629629 0.2037037037037037 0.8379629629629629 0.19212962962962962 0.8402777777777778 0.18981481481481483 0.8472222222222222 0.18981481481481483
0 0.7685185185185185 0.07175925925925926 0.7708333333333334 0.07407407407407407 0.7708333333333334 0.0787037037037037 0.7685185185185185 0.08101851851851852 0.7638888888888888 0.08101851851851852 0.7615740740740741 0.0787037037037037 0.7615740740740741 0.07407407407407407 0.7662037037037037 0.07175925925925926
0 0.3680555555555556 0.8842592592592593 0.37037037037037035 0.8865740740740741 0.37037037037037035 0.8912037037037037 0.3680555555555556 0.8935185185185185 0.36342592592592593 0.8935185185185185 0.3611111111111111 0.8912037037037037 0.3611111111111111 0.8865740740740741 0.36574074074074076 0.8842592592592593
0 0.3912037037037037 0.10416666666666667 0.39351851851851855 0.1087962962962963 0.3888888888888889 0.11342592592592593 0.38425925925925924 0.1111111111111111 0.38425925925925924 0.10648148148148148 0.3888888888888889 0.10416666666666667
0 0.03587962962962963 0.4224537037037037 0.006944444444444444 0.006944444444444444
0 0.5740740740740741 0.5324074074074074 0.009259259259259259 0.009259259259259259
0 0.9722222222222222 0.9930555555555556 0.9722222222222222 0.9884259259259259 0.9768518518518519 0.9837962962962963 0.9814814814814815 0.9861111111111112 0.9814814814814815 0.9930555555555556 0.9745370370370371 0.9930555555555556
0 0.1076388888888889 0.024305555555555556 0.006944444444444444 0.006944444444444444
0 0.7546296296296297 0.2013888888888889 0.7592592592592593 0.20601851851851852 0.7546296296296297 0.21296296296296297 0.75 0.21296296296296297 0.7476851851851852 0.21064814814814814 0.7476851851851852 0.2037037037037037 0.7523148148148148 0.2013888888888889
0 0.06944444444444445 0.33796296296296297 0.0787037037037037 0.33796296296296297 0.0787037037037037 0.3425925925925926 0.0763888888888889 0.3449074074074074 0.07175925925925926 0.3449074074074074 0.06944444444444445 0.3402777777777778
0 0.18055555555555555 0.3888888888888889 0.1875 0.3888888888888889 0.1875 0.39351851851851855 0.18518518518518517 0.3958333333333333 0.18287037037037038 0.3958333333333333 0.18055555555555555 0.3912037037037037
0 0.4675925925925926 0.6643518518518519 0.4722222222222222 0.6643518518518519 0.47453703703703703 0.6666666666666666 0.4722222222222222 0.6712962962962963 0.4675925925925926 0.6712962962962963 0.4675925925925926 0.6666666666666666
0 0.8657407407407407 0.7916666666666666 0.009259259259259259 0.009259259259259259
0 0.3819444444444444 0.03009259259259259 0.3819444444444444 0.023148148148148147 0.38425925925925924 0.020833333333333332 0.3888888888888889 0.023148148148148147 0.3888888888888889 0.027777777777777776 0.38425925925925924 0.03009259259259259
0 0.02662037037037037 0.6006944444444444 0.006944444444444444 0.006944444444444444
0 0.1886574074074074 0.11921296296296297 0.011574074074074073 0.011574074074074073
0 0.02546296296296296 0.0625 0.032407407407407406 0.0625 0.032407407407407406 0.06712962962962964 0.03009259259259259 0.06944444444444445 0.02546296296296296 0.06944444444444445 0.02546296296296296 0.06481481481481481
0 0.9479166666666666 0.7372685185185185 0.006944444444444444 0.006944444444444444
0 0.27662037037037035 0.8414351851851852 0.006944444444444444 0.006944444444444444
0 0.5520833333333334 0.7488425925925926 0.011574074074074073 0.011574074074074073
0 0.13657407407407407 0.08333333333333333 0.14351851851851852 0.08333333333333333 0.14814814814814814 0.08796296296296297 0.14583333333333334 0.09259259259259259 0.1412037037037037 0.09490740740740741 0.13657407407407407 0.09259259259259259 0.13657407407407407 0.08564814814814815
0 0.36574074074074076 0.8125 0.3726851851851852 0.8125 0.3726851851851852 0.8171296296296297 0.36574074074074076 0.8171296296296297 0.36574074074074076 0.8148148148148148
0 0.16666666666666666 0.20601851851851852 0.013888888888888888 0.013888888888888888
0 0.011574074074074073 0.5659722222222222 0.009259259259259259 0.006944444444444444
0 0.1840277777777778 0.6030092592592593 0.006944444444444444 0.006944444444444444
0 0.7291666666666666 0.5555555555555556 0.7314814814814815 0.5601851851851852 0.7268518518518519 0.5648148148148148 0.7222222222222222 0.5625 0.7222222222222222 0.5578703703703703 0.7268518518518519 0.5555555555555556
0 0.3414351851851852 0.27546296296296297 0.006944444444444444 0.009259259259259259
0 0.11805555555555555 0.8715277777777778 0.009259259259259259 0.006944444444444444
0 0.7870370370370371 0.7685185185185185 0.009259259259259259 0.009259259259259259
0 0.32175925925925924 0.07523148148148148 0.009259259259259259 0.011574074074074073
0 0.5289351851851852 0.6979166666666666 0.006944444444444444 0.006944444444444444
0 0.7245370370370371 0.13425925925925927 0.009259259259259259 0.009259259259259259
0 0.7800925925925926 0.6736111111111112 0.009259259259259259 0.009259259259259259
0 0.6655092592592593 0.07407407407407407 0.006944444444444444 0.009259259259259259