0 0.3958333333333333 0.5324074074074074 0.4050925925925926 0.5324074074074074 0.4050925925925926 0.5416666666666666 0.39814814814814814 0.5416666666666666 0.3958333333333333 0.5393518518518519 0.3958333333333333 0.5347222222222222
0 0.6388888888888888 0.1712962962962963 0.6412037037037037 0.1736111111111111 0.6412037037037037 0.18055555555555555 0.6365740740740741 0.18287037037037038 0.6296296296296297 0.17824074074074073 0.6296296296296297 0.1712962962962963 0.6319444444444444 0.16898148148148148 0.6365740740740741 0.1712962962962963
0 0.6620370370370371 0.5810185185185185 0.6620370370370371 0.5717592592592593 0.6643518518518519 0.5694444444444444 0.6712962962962963 0.5694444444444444 0.6759259259259259 0.5740740740740741 0.6759259259259259 0.5810185185185185 0.6712962962962963 0.5810185185185185 0.6689814814814815 0.5833333333333334 0.6643518518518519 0.5810185185185185
0 0.3101851851851852 0.41435185185185186 0.31712962962962965 0.41435185185185186 0.3194444444444444 0.4166666666666667 0.31712962962962965 0.4212962962962963 0.3125 0.4212962962962963 0.3101851851851852 0.4166666666666667
0 0.4398148148148148 0.6168981481481481 0.009259259259259259 0.011574074074074073
0 0.44675925925925924 0.034722222222222224 0.4537037037037037 0.034722222222222224 0.45601851851851855 0.037037037037037035 0.4537037037037037 0.03935185185185185 0.44675925925925924 0.03935185185185185 0.44675925925925924 0.037037037037037035
0 0.08101851851851852 0.36342592592592593 0.08333333333333333 0.36574074074074076 0.08333333333333333 0.3726851851851852 0.0763888888888889 0.3726851851851852 0.07407407407407407 0.37037037037037035 0.07407407407407407 0.36574074074074076 0.0787037037037037 0.36342592592592593
0 0.1550925925925926 0.14583333333333334 0.1550925925925926 0.15046296296296297 0.1527777777777778 0.1527777777777778 0.14583333333333334 0.1527777777777778 0.14583333333333334 0.14583333333333334 0.14814814814814814 0.14351851851851852 0.1527777777777778 0.14583333333333334
0 0.9814814814814815 0.37037037037037035 0.9814814814814815 0.36574074074074076 0.9837962962962963 0.36342592592592593 0.9884259259259259 0.36574074074074076 0.9884259259259259 0.37037037037037035 0.9837962962962963 0.37037037037037035
0 0.29398148148148145 0.6342592592592593 0.2986111111111111 0.6342592592592593 0.30092592592592593 0.6365740740740741 0.30092592592592593 0.6412037037037037 0.2986111111111111 0.6435185185185185 0.29398148148148145 0.6435185185185185 0.29398148148148145 0.6365740740740741
0 0.9629629629629629 0.032407407407407406 0.9745370370370371 0.032407407407407406 0.9745370370370371 0.037037037037037035 0.9699074074074074 0.041666666666666664 0.9629629629629629 0.041666666666666664 0.9629629629629629 0.034722222222222224
0 0.7870370370370371 0.1875 0.7986111111111112 0.18981481481481483 0.7986111111111112 0.19212962962962962 0.7916666666666666 0.19675925925925927 0.7893518518518519 0.19675925925925927 0.7870370370370371 0.18981481481481483
0 0.25 0.004629629629629629 0.25462962962962965 0.006944444444444444 0.25462962962962965 0.016203703703703703 0.24768518518518517 0.020833333333333332 0.23842592592592593 0.013888888888888888 0.23842592592592593 0.009259259259259259 0.24768518518518517 0.004629629629629629
0 0.25925925925925924 0 0.27314814814814814 0 0.27314814814814814 0.004629629629629629 0.2708333333333333 0.006944444444444444 0.2638888888888889 0.006944444444444444 0.25925925925925924 0.0023148148148148147
0 0.5324074074074074 0.037037037037037035 0.5393518518518519 0.037037037037037035 0.5416666666666666 0.03935185185185185 0.5416666666666666 0.04398148148148148 0.5347222222222222 0.04398148148148148 0.5324074074074074 0.03935185185185185
0 0.8171296296296297 0.09953703703703703 0.8171296296296297 0.09490740740740741 0.8194444444444444 0.09259259259259259 0.8263888888888888 0.09722222222222222 0.8263888888888888 0.09953703703703703 0.8217592592592593 0.10185185185185185 0.8194444444444444 0.09953703703703703
0 0.7453703703703703 0.17592592592592593 0.7523148148148148 0.17592592592592593 0.7546296296296297 0.17824074074074073 0.7523148148148148 0.18287037037037038 0.7453703703703703 0.18287037037037038 0.7453703703703703 0.17824074074074073
0 0.9571759259259259 0.07407407407407407 0.011574074074074073 0.009259259259259259
0 0.1875 0.27314814814814814 0.18518518518518517 0.2662037037037037 0.18981481481481483 0.26157407407407407 0.19675925925925927 0.26157407407407407 0.19907407407407407 0.2638888888888889 0.19675925925925927 0.27314814814814814 0.18981481481481483 0.27314814814814814