0 0.6388888888888888 0.11342592592592593 0.6435185185185185 0.1111111111111111 0.6481481481481481 0.11342592592592593 0.6458333333333334 0.11805555555555555 0.6388888888888888 0.11805555555555555 0.6388888888888888 0.11574074074074074
0 0.49421296296296297 0.3263888888888889 0.011574074074074073 0.009259259259259259
0 0.9120370370370371 0.5532407407407407 0.9189814814814815 0.5578703703703703 0.9166666666666666 0.5625 0.9120370370370371 0.5625 0.9097222222222222 0.5601851851851852 0.9120370370370371 0.5555555555555556
0 0.3402777777777778 0.9097222222222222 0.009259259259259259 0.009259259259259259
0 0.13657407407407407 0.49537037037037035 0.14351851851851852 0.49537037037037035 0.14351851851851852 0.5 0.13657407407407407 0.5 0.13657407407407407 0.4976851851851852
0 0.37037037037037035 0.7453703703703703 0.3726851851851852 0.7476851851851852 0.3726851851851852 0.7569444444444444 0.37037037037037035 0.7592592592592593 0.36342592592592593 0.7569444444444444 0.36342592592592593 0.7476851851851852 0.3680555555555556 0.7453703703703703
0 0.3958333333333333 0.7083333333333334 0.013888888888888888 0.013888888888888888
0 0.037037037037037035 0.7569444444444444 0.041666666666666664 0.7615740740740741 0.041666666666666664 0.7662037037037037 0.03935185185185185 0.7685185185185185 0.03009259259259259 0.7685185185185185 0.027777777777777776 0.7662037037037037 0.027777777777777776 0.7615740740740741 0.034722222222222224 0.7569444444444444
0 0.17592592592592593 0.30787037037037035 0.17824074074074073 0.3101851851851852 0.17592592592592593 0.3148148148148148 0.1712962962962963 0.3148148148148148 0.16898148148148148 0.3125 0.16898148148148148 0.3101851851851852 0.1736111111111111 0.30787037037037035
0 0.7569444444444444 0.11574074074074074 0.7592592592592593 0.11805555555555555 0.7592592592592593 0.12268518518518519 0.75 0.12268518518518519 0.75 0.11805555555555555 0.7546296296296297 0.11574074074074074
0 0.2800925925925926 0.27546296296296297 0.28703703703703703 0.2800925925925926 0.2847222222222222 0.2847222222222222 0.2800925925925926 0.2847222222222222 0.2777777777777778 0.2824074074074074 0.2800925925925926 0.2777777777777778
0 0.20717592592592593 0.13078703703703703 0.006944444444444444 0.006944444444444444
0 0.7824074074074074 0.9699074074074074 0.7870370370370371 0.9699074074074074 0.7893518518518519 0.9745370370370371 0.7870370370370371 0.9791666666666666 0.7824074074074074 0.9791666666666666 0.7800925925925926 0.9745370370370371 0.7824074074074074 0.9722222222222222
0 0.38657407407407407 0.37037037037037035 0.3888888888888889 0.375 0.38425925925925924 0.3819444444444444 0.3773148148148148 0.3773148148148148 0.3773148148148148 0.375 0.38425925925925924 0.37037037037037035
0 0.7824074074074074 0.37037037037037035 0.7916666666666666 0.37037037037037035 0.7916666666666666 0.375 0.7870370370370371 0.37962962962962965 0.7824074074074074 0.37962962962962965 0.7824074074074074 0.3726851851851852
0 0.6342592592592593 0.08796296296296297 0.6435185185185185 0.08796296296296297 0.6435185185185185 0.09259259259259259 0.6412037037037037 0.09490740740740741 0.6342592592592593 0.09259259259259259 0.6342592592592593 0.09027777777777778
0 0.22685185185185186 0.33564814814814814 0.2361111111111111 0.33564814814814814 0.2361111111111111 0.3425925925925926 0.2337962962962963 0.3449074074074074 0.22916666666666666 0.3449074074074074 0.22685185185185186 0.3425925925925926 0.22685185185185186 0.33796296296296297
0 0.9884259259259259 0.7847222222222222 0.9976851851851852 0.7870370370370371 0.9976851851851852 0.7962962962962963 0.9907407407407407 0.7962962962962963 0.9861111111111112 0.7893518518518519 0.9884259259259259 0.7870370370370371
0 0.15046296296296297 0.5324074074074074 0.16203703703703703 0.5324074074074074 0.16203703703703703 0.5416666666666666 0.1527777777777778 0.5416666666666666 0.15046296296296297 0.5393518518518519 0.15046296296296297 0.5347222222222222
0 0.046296296296296294 0.8009259259259259 0.04861111111111111 0.8032407407407407 0.04861111111111111 0.8078703703703703 0.046296296296296294 0.8101851851851852 0.041666666666666664 0.8101851851851852 0.03935185185185185 0.8078703703703703 0.03935185185185185 0.8032407407407407 0.04398148148148148 0.8009259259259259
0 0.90625 0.49537037037037035 0.006944444444444444 0.009259259259259259
0 0.6898148148148148 0.19444444444444445 0.6967592592592593 0.19444444444444445 0.6967592592592593 0.19907407407407407 0.6898148148148148 0.19907407407407407 0.6898148148148148 0.19675925925925927
0 0.5775462962962963 0.5358796296296297 0.006944444444444444 0.006944444444444444
0 0.9606481481481481 0.45717592592592593 0.004629629629629629 0.006944444444444444
0 0.7152777777777778 0.8055555555555556 0.7152777777777778 0.8009259259259259 0.7175925925925926 0.7986111111111112 0.7245370370370371 0.8032407407407407 0.7222222222222222 0.8055555555555556 0.7175925925925926 0.8055555555555556
0 0.2337962962962963 0.06712962962962964 0.009259259259259259 0.009259259259259259
0 0.4027777777777778 0.8217592592592593 0.4050925925925926 0.8194444444444444 0.41203703703703703 0.8194444444444444 0.41203703703703703 0.8240740740740741 0.4097222222222222 0.8263888888888888 0.4050925925925926 0.8240740740740741
0 0.13194444444444445 0.009259259259259259 0.13657407407407407 0.009259259259259259 0.13657407407407407 0.016203703703703703 0.13194444444444445 0.016203703703703703 0.13194444444444445 0.011574074074074073
0 0.5266203703703703 0.4351851851851852 0.011574074074074073 0.009259259259259259
0 0.5648148148148148 0.9664351851851852 0.009259259259259259 0.006944444444444444
0 0.3055555555555556 0.4305555555555556 0.3055555555555556 0.4398148148148148 0.30092592592592593 0.44212962962962965 0.29398148148148145 0.4375 0.29398148148148145 0.43287037037037035 0.2962962962962963 0.4305555555555556 0.30324074074074076 0.4305555555555556
0 0.6261574074074074 0.06712962962962964 0.011574074074074073 0.013888888888888888
0 0.18287037037037038 0.9560185185185185 0.17592592592592593 0.9513888888888888 0.17592592592592593 0.9467592592592593 0.17824074074074073 0.9444444444444444 0.18518518518518517 0.9444444444444444 0.1875 0.9467592592592593 0.1875 0.9513888888888888 0.18518518518518517 0.9537037037037037