0 0.5185185185185185 0.7199074074074074 0.5231481481481481 0.7245370370370371 0.5231481481481481 0.7314814814814815 0.5185185185185185 0.7314814814814815 0.5138888888888888 0.7268518518518519 0.5162037037037037 0.7222222222222222
0 0.7604166666666666 0.7025462962962963 0.006944444444444444 0.006944444444444444
0 0.4212962962962963 0.9085648148148148 0.009259259259259259 0.006944444444444444
0 0.9421296296296297 0.19791666666666666 0.009259259259259259 0.006944444444444444
0 0.8993055555555556 0.75 0.006944444444444444 0.009259259259259259
0 0.6574074074074074 0.44212962962962965 0.6689814814814815 0.44212962962962965 0.6712962962962963 0.4444444444444444 0.6689814814814815 0.44907407407407407 0.6597222222222222 0.44907407407407407 0.6574074074074074 0.4444444444444444
0 0.14699074074074073 0.4363425925925926 0.006944444444444444 0.006944444444444444
0 0.19328703703703703 0.4270833333333333 0.006944444444444444 0.006944444444444444
0 0.5405092592592593 0.6921296296296297 0.006944444444444444 0.009259259259259259
0 0.9421296296296297 0.6064814814814815 0.9490740740740741 0.6064814814814815 0.9490740740740741 0.6111111111111112 0.9467592592592593 0.6134259259259259 0.9444444444444444 0.6134259259259259 0.9421296296296297 0.6087962962962963
0 0.36921296296296297 0.7893518518518519 0.011574074074074073 0.009259259259259259
0 0.7118055555555556 0.6840277777777778 0.006944444444444444 0.006944444444444444
0 0.9259259259259259 0.7280092592592593 0.009259259259259259 0.006944444444444444
0 0.20601851851851852 0.8958333333333334 0.009259259259259259 0.009259259259259259
0 0.9282407407407407 0.8402777777777778 0.9328703703703703 0.8402777777777778 0.9328703703703703 0.8472222222222222 0.9282407407407407 0.8472222222222222 0.9282407407407407 0.8425925925925926
0 0.9212962962962963 0.4930555555555556 0.9212962962962963 0.4861111111111111 0.9236111111111112 0.4837962962962963 0.9305555555555556 0.4837962962962963 0.9305555555555556 0.4930555555555556 0.9236111111111112 0.4930555555555556
0 0.8831018518518519 0.7025462962962963 0.006944444444444444 0.006944444444444444
0 0.31712962962962965 0.7083333333333334 0.31712962962962965 0.7152777777777778 0.3148148148148148 0.7175925925925926 0.30787037037037035 0.7175925925925926 0.30787037037037035 0.7129629629629629 0.3148148148148148 0.7083333333333334
0 0.6875 0.4224537037037037 0.004629629629629629 0.006944444444444444
0 0.28703703703703703 0.16203703703703703 0.28703703703703703 0.16898148148148148 0.2824074074074074 0.16898148148148148 0.2800925925925926 0.16666666666666666 0.2800925925925926 0.16435185185185186 0.2847222222222222 0.16203703703703703
0 0.9409722222222222 0.5879629629629629 0.006944444444444444 0.009259259259259259
0 0.9224537037037037 0.7384259259259259 0.006944444444444444 0.009259259259259259
0 0.8900462962962963 0.7604166666666666 0.006944444444444444 0.006944444444444444
0 0.47800925925925924 0.4791666666666667 0.006944444444444444 0.009259259259259259
0 0.8101851851851852 0.6828703703703703 0.004629629629629629 0.009259259259259259
0 0.3194444444444444 0.05555555555555555 0.32175925925925924 0.06018518518518518 0.31712962962962965 0.06481481481481481 0.3125 0.0625 0.3125 0.05787037037037037 0.31712962962962965 0.05555555555555555
0 0.06712962962962964 0.16782407407407407 0.009259259259259259 0.011574074074074073
0 0.7638888888888888 0.3287037037037037 0.009259259259259259 0.009259259259259259
0 0.8946759259259259 0.2835648148148148 0.006944444444444444 0.006944444444444444
0 0.8564814814814815 0.04861111111111111 0.8634259259259259 0.04861111111111111 0.8634259259259259 0.05555555555555555 0.8564814814814815 0.05555555555555555 0.8564814814814815 0.05092592592592592