0 0.9050925925925926 0.375 0.9120370370370371 0.37962962962962965 0.9120370370370371 0.38425925925925924 0.9050925925925926 0.3912037037037037 0.9004629629629629 0.3888888888888889 0.8981481481481481 0.3819444444444444 0.9004629629629629 0.3773148148148148 0.9027777777777778 0.3773148148148148
0 0.09953703703703703 0.9050925925925926 0.09953703703703703 0.9143518518518519 0.09490740740740741 0.9143518518518519 0.09259259259259259 0.9120370370370371 0.09259259259259259 0.9074074074074074 0.09722222222222222 0.9050925925925926
0 0.8634259259259259 0.8379629629629629 0.8680555555555556 0.8356481481481481 0.875 0.8379629629629629 0.875 0.8472222222222222 0.8726851851851852 0.8495370370370371 0.8634259259259259 0.8495370370370371 0.8634259259259259 0.8402777777777778
0 0.006944444444444444 0.19675925925925927 0.011574074074074073 0.19907407407407407 0.011574074074074073 0.20601851851851852 0.006944444444444444 0.20601851851851852 0.006944444444444444 0.19907407407407407
0 0.9421296296296297 0.7523148148148148 0.009259259259259259 0.009259259259259259
0 0.1388888888888889 0.9629629629629629 0.14583333333333334 0.9606481481481481 0.15046296296296297 0.9675925925925926 0.14814814814814814 0.9722222222222222 0.14351851851851852 0.9722222222222222 0.1388888888888889 0.9652777777777778
0 0.29050925925925924 0.22453703703703703 0.006944444444444444 0.009259259259259259
0 0.6111111111111112 0.03587962962962963 0.009259259259259259 0.011574074074074073
0 0.8101851851851852 0.5462962962962963 0.8171296296296297 0.5555555555555556 0.8125 0.5601851851851852 0.8078703703703703 0.5578703703703703 0.8055555555555556 0.5532407407407407 0.8078703703703703 0.5486111111111112
0 0.14699074074074073 0.49537037037037035 0.006944444444444444 0.009259259259259259
0 0.04398148148148148 0.6006944444444444 0.009259259259259259 0.011574074074074073
0 0.9270833333333334 0.47685185185185186 0.006944444444444444 0.009259259259259259
0 0.6076388888888888 0.8113425925925926 0.011574074074074073 0.011574074074074073
0 0.2986111111111111 0.14699074074074073 0.004629629629629629 0.006944444444444444
0 0.5300925925925926 0.8472222222222222 0.5347222222222222 0.8495370370370371 0.5347222222222222 0.8541666666666666 0.5324074074074074 0.8564814814814815 0.5277777777777778 0.8541666666666666 0.5300925925925926 0.8495370370370371
0 0.7430555555555556 0.4976851851851852 0.7430555555555556 0.49074074074074076 0.7453703703703703 0.48842592592592593 0.75 0.49074074074074076 0.75 0.4976851851851852 0.7453703703703703 0.4976851851851852