0 0.8900462962962963 0.16898148148148148 0.011574074074074073 0.009259259259259259
0 0.5636574074074074 0.7314814814814815 0.006944444444444444 0.009259259259259259
0 0.7013888888888888 0.2638888888888889 0.7083333333333334 0.2638888888888889 0.7083333333333334 0.2708333333333333 0.7037037037037037 0.2708333333333333 0.7013888888888888 0.2662037037037037
0 0.4976851851851852 0.7129629629629629 0.5046296296296297 0.7129629629629629 0.5069444444444444 0.7175925925925926 0.5 0.7222222222222222 0.4976851851851852 0.7199074074074074 0.4976851851851852 0.7152777777777778
0 0.0787037037037037 0.07175925925925926 0.0787037037037037 0.0787037037037037 0.07407407407407407 0.08101851851851852 0.06944444444444445 0.0787037037037037 0.06944444444444445 0.07175925925925926 0.07175925925925926 0.06944444444444445 0.0763888888888889 0.07175925925925926
0 0.8888888888888888 0.006944444444444444 0.8958333333333334 0.006944444444444444 0.8958333333333334 0.011574074074074073 0.8888888888888888 0.011574074074074073 0.8888888888888888 0.009259259259259259
0 0.5300925925925926 0.4097222222222222 0.5277777777777778 0.4074074074074074 0.5277777777777778 0.40046296296296297 0.5324074074074074 0.39814814814814814 0.5370370370370371 0.4027777777777778 0.5370370370370371 0.4050925925925926 0.5324074074074074 0.4074074074074074
0 0.7835648148148148 0.2777777777777778 0.011574074074074073 0.009259259259259259
0 0.3194444444444444 0.4074074074074074 0.32175925925925924 0.4097222222222222 0.32175925925925924 0.4166666666666667 0.3125 0.4166666666666667 0.3125 0.4097222222222222 0.31712962962962965 0.4074074074074074
0 0.16319444444444445 0.4375 0.006944444444444444 0.009259259259259259
0 0.1736111111111111 0.023148148148148147 0.17824074074074073 0.023148148148148147 0.18055555555555555 0.02546296296296296 0.18055555555555555 0.03009259259259259 0.17592592592592593 0.03009259259259259 0.1736111111111111 0.02546296296296296
0 0.018518518518518517 0.49537037037037035 0.023148148148148147 0.5046296296296297 0.016203703703703703 0.5115740740740741 0.006944444444444444 0.5092592592592593 0.006944444444444444 0.5046296296296297 0.004629629629629629 0.5023148148148148 0.009259259259259259 0.49537037037037035 0.016203703703703703 0.49537037037037035
0 0.3888888888888889 0.4675925925925926 0.3888888888888889 0.47453703703703703 0.3819444444444444 0.47453703703703703 0.3819444444444444 0.4699074074074074 0.38657407407407407 0.4675925925925926
0 0.9247685185185185 0.7349537037037037 0.011574074074074073 0.011574074074074073
0 0.8958333333333334 0.5509259259259259 0.9027777777777778 0.5509259259259259 0.9027777777777778 0.5555555555555556 0.9004629629629629 0.5578703703703703 0.8958333333333334 0.5578703703703703 0.8958333333333334 0.5532407407407407
0 0.30092592592592593 0.4375 0.3055555555555556 0.4375 0.30787037037037035 0.44212962962962965 0.3055555555555556 0.44675925925925924 0.2986111111111111 0.44675925925925924 0.2986111111111111 0.44212962962962965 0.30092592592592593 0.4398148148148148
0 0.5625 0.9513888888888888 0.5740740740740741 0.9513888888888888 0.5763888888888888 0.9537037037037037 0.5717592592592593 0.9606481481481481 0.5648148148148148 0.9606481481481481 0.5625 0.9537037037037037
0 0.09837962962962964 0.5370370370370371 0.006944444444444444 0.009259259259259259
0 0.5370370370370371 0.3541666666666667 0.5393518518518519 0.35648148148148145 0.5393518518518519 0.3611111111111111 0.5370370370370371 0.36342592592592593 0.5324074074074074 0.36342592592592593 0.5300925925925926 0.3611111111111111 0.5300925925925926 0.35648148148148145 0.5347222222222222 0.3541666666666667
0 0.9050925925925926 0.013888888888888888 0.9120370370370371 0.013888888888888888 0.9120370370370371 0.018518518518518517 0.9050925925925926 0.018518518518518517 0.9050925925925926 0.016203703703703703
0 0.24537037037037038 0.36342592592592593 0.013888888888888888 0.013888888888888888
0 0.12268518518518519 0.13425925925925927 0.12268518518518519 0.12731481481481483 0.125 0.125 0.12962962962962962 0.12731481481481483 0.12962962962962962 0.13425925925925927 0.125 0.13425925925925927
0 0.7129629629629629 0.5972222222222222 0.7152777777777778 0.6018518518518519 0.7106481481481481 0.6064814814814815 0.7060185185185185 0.6041666666666666 0.7060185185185185 0.5995370370370371 0.7106481481481481 0.5972222222222222
0 0.9351851851851852 0.875 0.9375 0.8773148148148148 0.9351851851851852 0.8819444444444444 0.9305555555555556 0.8819444444444444 0.9282407407407407 0.8796296296296297 0.9282407407407407 0.8773148148148148 0.9328703703703703 0.875
0 0.4513888888888889 0.7557870370370371 0.009259259259259259 0.011574074074074073
0 0.9814814814814815 0.3819444444444444 0.9861111111111112 0.37962962962962965 0.9907407407407407 0.3819444444444444 0.9907407407407407 0.38657407407407407 0.9861111111111112 0.3888888888888889 0.9837962962962963 0.3888888888888889 0.9814814814814815 0.38425925925925924
0 0.8356481481481481 0.7893518518518519 0.8402777777777778 0.7893518518518519 0.8402777777777778 0.7962962962962963 0.8356481481481481 0.7962962962962963 0.8356481481481481 0.7916666666666666
0 0.5185185185185185 0.47685185185185186 0.5231481481481481 0.47685185185185186 0.5254629629629629 0.4791666666666667 0.5231481481481481 0.4837962962962963 0.5185185185185185 0.4837962962962963 0.5185185185185185 0.4791666666666667
0 0.2326388888888889 0.04398148148148148 0.011574074074074073 0.009259259259259259
0 0.5868055555555556 0.6608796296296297 0.006944444444444444 0.011574074074074073
0 0.7314814814814815 0.8958333333333334 0.7384259259259259 0.8958333333333334 0.7407407407407407 0.8981481481481481 0.7407407407407407 0.9050925925925926 0.7337962962962963 0.9050925925925926 0.7314814814814815 0.9027777777777778 0.7314814814814815 0.8981481481481481
0 0.3912037037037037 0.8263888888888888 0.39814814814814814 0.8263888888888888 0.39814814814814814 0.8310185185185185 0.3958333333333333 0.8333333333333334 0.39351851851851855 0.8333333333333334 0.3912037037037037 0.8287037037037037
0 0.26157407407407407 0.3287037037037037 0.2662037037037037 0.33564814814814814 0.2638888888888889 0.33796296296296297 0.25925925925925924 0.33796296296296297 0.2569444444444444 0.33564814814814814 0.25925925925925924 0.33101851851851855
0 0.7962962962962963 0.8958333333333334 0.8032407407407407 0.9004629629629629 0.8032407407407407 0.9050925925925926 0.7939814814814815 0.9050925925925926 0.7939814814814815 0.9004629629629629 0.7962962962962963 0.8981481481481481