0 0.9236111111111112 0.28703703703703703 0.009259259259259259 0.009259259259259259
0 0.8657407407407407 0.5763888888888888 0.8726851851851852 0.5763888888888888 0.875 0.5787037037037037 0.8726851851851852 0.5833333333333334 0.8680555555555556 0.5833333333333334 0.8657407407407407 0.5787037037037037
0 0.25 0.49537037037037035 0.25462962962962965 0.5 0.2523148148148148 0.5046296296296297 0.24537037037037038 0.5046296296296297 0.24305555555555555 0.5023148148148148 0.24305555555555555 0.4976851851851852 0.24768518518518517 0.49537037037037035
0 0.8865740740740741 0.6759259259259259 0.8865740740740741 0.6875 0.8819444444444444 0.6921296296296297 0.8703703703703703 0.6898148148148148 0.8680555555555556 0.6828703703703703 0.8726851851851852 0.6759259259259259 0.8842592592592593 0.6759259259259259
0 0.39351851851851855 0.21064814814814814 0.3958333333333333 0.21296296296296297 0.3958333333333333 0.2175925925925926 0.39351851851851855 0.2199074074074074 0.38657407407407407 0.2175925925925926 0.38657407407407407 0.21296296296296297 0.3912037037037037 0.21064814814814814
0 0.7708333333333334 0.03935185185185185 0.7708333333333334 0.03009259259259259 0.7731481481481481 0.027777777777777776 0.7800925925925926 0.027777777777777776 0.7824074074074074 0.03009259259259259 0.7824074074074074 0.037037037037037035 0.7800925925925926 0.03935185185185185 0.7731481481481481 0.03935185185185185
0 0.20601851851851852 0.09490740740740741 0.20601851851851852 0.10416666666666667 0.2013888888888889 0.10648148148148148 0.19444444444444445 0.10416666666666667 0.19444444444444445 0.09722222222222222 0.19675925925925927 0.09490740740740741 0.2037037037037037 0.09490740740740741
0 0.07407407407407407 0.5775462962962963 0.013888888888888888 0.011574074074074073
0 0.06018518518518518 0.13657407407407407 0.06712962962962964 0.13657407407407407 0.06712962962962964 0.14351851851851852 0.0625 0.14351851851851852 0.06018518518518518 0.1388888888888889
0 0.7083333333333334 0.8148148148148148 0.7083333333333334 0.8078703703703703 0.7106481481481481 0.8055555555555556 0.7152777777777778 0.8078703703703703 0.7106481481481481 0.8148148148148148
0 0.47685185185185186 0.3888888888888889 0.4791666666666667 0.3912037037037037 0.4791666666666667 0.3958333333333333 0.47685185185185186 0.39814814814814814 0.4722222222222222 0.39814814814814814 0.4699074074074074 0.3958333333333333 0.4699074074074074 0.3912037037037037 0.47453703703703703 0.3888888888888889
0 0.35648148148148145 0.625 0.3587962962962963 0.6273148148148148 0.3587962962962963 0.6319444444444444 0.35185185185185186 0.6319444444444444 0.35185185185185186 0.6273148148148148 0.3541666666666667 0.6273148148148148
0 0.3958333333333333 0.09490740740740741 0.39814814814814814 0.09722222222222222 0.3958333333333333 0.10185185185185185 0.3888888888888889 0.10185185185185185 0.3888888888888889 0.09722222222222222 0.39351851851851855 0.09490740740740741
0 0.17592592592592593 0.5879629629629629 0.17592592592592593 0.5810185185185185 0.17824074074074073 0.5787037037037037 0.18518518518518517 0.5833333333333334 0.18287037037037038 0.5879629629629629 0.17824074074074073 0.5879629629629629
0 0.10648148148148148 0.6122685185185185 0.009259259259259259 0.006944444444444444
0 0.7476851851851852 0.5740740740740741 0.7476851851851852 0.5810185185185185 0.7407407407407407 0.5810185185185185 0.7384259259259259 0.5787037037037037 0.7384259259259259 0.5740740740740741 0.7407407407407407 0.5717592592592593 0.7453703703703703 0.5740740740740741
0 0.3726851851851852 0.2974537037037037 0.009259259259259259 0.006944444444444444
0 0.38425925925925924 0.47685185185185186 0.38657407407407407 0.4791666666666667 0.38657407407407407 0.49074074074074076 0.38425925925925924 0.4930555555555556 0.3726851851851852 0.4930555555555556 0.3680555555555556 0.48842592592592593 0.3680555555555556 0.4837962962962963 0.36574074074074076 0.48148148148148145 0.3726851851851852 0.47453703703703703 0.37962962962962965 0.47453703703703703 0.3819444444444444 0.47685185185185186
0 0.22916666666666666 0.03935185185185185 0.009259259259259259 0.009259259259259259
0 0.5810185185185185 0.8726851851851852 0.5833333333333334 0.8773148148148148 0.5787037037037037 0.8842592592592593 0.5740740740740741 0.8842592592592593 0.5717592592592593 0.8819444444444444 0.5717592592592593 0.875 0.5787037037037037 0.8726851851851852
0 0.7048611111111112 0.9004629629629629 0.011574074074074073 0.009259259259259259
0 0.7800925925925926 0.6782407407407407 0.009259259259259259 0.009259259259259259
0 0.2037037037037037 0.7361111111111112 0.21064814814814814 0.7361111111111112 0.21296296296296297 0.7407407407407407 0.21064814814814814 0.7430555555555556 0.2037037037037037 0.7430555555555556 0.2013888888888889 0.7407407407407407 0.2037037037037037 0.7384259259259259
0 0.7569444444444444 0.32407407407407407 0.7615740740740741 0.32407407407407407 0.7638888888888888 0.3263888888888889 0.7615740740740741 0.33101851851851855 0.7569444444444444 0.33101851851851855 0.7569444444444444 0.3263888888888889
0 0.4537037037037037 0.04050925925925926 0.009259259259259259 0.006944444444444444
0 0.24537037037037038 0.9745370370370371 0.25462962962962965 0.9745370370370371 0.25462962962962965 0.9814814814814815 0.2523148148148148 0.9837962962962963 0.24537037037037038 0.9814814814814815 0.24537037037037038 0.9768518518518519