0 0.4351851851851852 0.7314814814814815 0.4398148148148148 0.7314814814814815 0.4398148148148148 0.7384259259259259 0.4351851851851852 0.7384259259259259 0.4351851851851852 0.7337962962962963
0 0.0798611111111111 0.2824074074074074 0.006944444444444444 0.009259259259259259
0 0.5787037037037037 0.27662037037037035 0.009259259259259259 0.011574074074074073
0 0.5509259259259259 0.5127314814814815 0.013888888888888888 0.011574074074074073
0 0.2048611111111111 0.3425925925925926 0.006944444444444444 0.009259259259259259
0 0.27314814814814814 0.08333333333333333 0.27314814814814814 0.09027777777777778 0.2662037037037037 0.09027777777777778 0.2638888888888889 0.08796296296296297 0.2638888888888889 0.08333333333333333 0.2662037037037037 0.08101851851851852 0.2708333333333333 0.08333333333333333
0 0.6724537037037037 0.7685185185185185 0.006944444444444444 0.009259259259259259
0 0.22800925925925927 0.26157407407407407 0.006944444444444444 0.009259259259259259
0 0.9201388888888888 0.7488425925925926 0.006944444444444444 0.006944444444444444
0 0.5567129629629629 0.6284722222222222 0.006944444444444444 0.006944444444444444
0 0.38078703703703703 0.4201388888888889 0.006944444444444444 0.011574074074074073
0 0.09490740740740741 0.9305555555555556 0.09953703703703703 0.9351851851851852 0.09953703703703703 0.9398148148148148 0.09490740740740741 0.9421296296296297 0.08796296296296297 0.9398148148148148 0.08796296296296297 0.9328703703703703 0.09259259259259259 0.9305555555555556
0 0.37962962962962965 0.3761574074074074 0.004629629629629629 0.006944444444444444
0 0.4351851851851852 0.33564814814814814 0.4351851851851852 0.3425925925925926 0.4305555555555556 0.3425925925925926 0.42824074074074076 0.33796296296296297 0.43287037037037035 0.33564814814814814
0 0.6631944444444444 0.05787037037037037 0.006944444444444444 0.009259259259259259
0 0.6469907407407407 0.1597222222222222 0.006944444444444444 0.009259259259259259
0 0.6550925925925926 0.6296296296296297 0.6597222222222222 0.6342592592592593 0.6527777777777778 0.6388888888888888 0.6504629629629629 0.6365740740740741 0.6504629629629629 0.6319444444444444 0.6527777777777778 0.6319444444444444
0 0.6111111111111112 0.14699074074074073 0.004629629629629629 0.006944444444444444
0 0.6087962962962963 0.8229166666666666 0.004629629629629629 0.006944444444444444
0 0.8738425925925926 0.11574074074074074 0.006944444444444444 0.009259259259259259