0 0.7106481481481481 0.1111111111111111 0.7152777777777778 0.11342592592592593 0.7152777777777778 0.11805555555555555 0.7060185185185185 0.11805555555555555 0.7060185185185185 0.11342592592592593 0.7083333333333334 0.11342592592592593
0 0.4398148148148148 0.9143518518518519 0.4398148148148148 0.9212962962962963 0.4351851851851852 0.9212962962962963 0.43287037037037035 0.9189814814814815 0.43287037037037035 0.9166666666666666 0.4375 0.9143518518518519
0 0.09027777777777778 0.3263888888888889 0.09259259259259259 0.33101851851851855 0.08796296296296297 0.3333333333333333 0.08333333333333333 0.33101851851851855 0.08333333333333333 0.3287037037037037 0.08796296296296297 0.3263888888888889
0 0.42592592592592593 0.2824074074074074 0.4375 0.2824074074074074 0.4398148148148148 0.2847222222222222 0.4398148148148148 0.29398148148148145 0.4351851851851852 0.2986111111111111 0.42824074074074076 0.2986111111111111 0.4236111111111111 0.29398148148148145 0.4236111111111111 0.28703703703703703 0.42592592592592593 0.2847222222222222
0 0.7199074074074074 0.05092592592592592 0.7268518518518519 0.05092592592592592 0.7268518518518519 0.05787037037037037 0.7199074074074074 0.05787037037037037 0.7199074074074074 0.05324074074074074
0 0.1736111111111111 0.12037037037037036 0.009259259259259259 0.009259259259259259
0 0.6516203703703703 0.9282407407407407 0.011574074074074073 0.009259259259259259
0 0.29398148148148145 0.47685185185185186 0.2962962962962963 0.4791666666666667 0.2962962962962963 0.4861111111111111 0.28935185185185186 0.4861111111111111 0.28935185185185186 0.4791666666666667 0.2916666666666667 0.4791666666666667
0 0.9328703703703703 0.7175925925925926 0.9375 0.7199074074074074 0.9375 0.7245370370370371 0.9351851851851852 0.7268518518518519 0.9305555555555556 0.7245370370370371 0.9305555555555556 0.7199074074074074
0 0.9722222222222222 0.7314814814814815 0.9745370370370371 0.7337962962962963 0.9745370370370371 0.7384259259259259 0.9722222222222222 0.7407407407407407 0.9652777777777778 0.7407407407407407 0.9629629629629629 0.7384259259259259 0.9629629629629629 0.7337962962962963 0.9699074074074074 0.7314814814814815
0 0.2986111111111111 0.8703703703703703 0.2986111111111111 0.8773148148148148 0.29398148148148145 0.8773148148148148 0.2916666666666667 0.875 0.2916666666666667 0.8726851851851852 0.2962962962962963 0.8703703703703703
0 0.6273148148148148 0.8819444444444444 0.013888888888888888 0.013888888888888888
0 0.15046296296296297 0.9791666666666666 0.1574074074074074 0.9837962962962963 0.1574074074074074 0.9884259259259259 0.1550925925925926 0.9907407407407407 0.15046296296296297 0.9907407407407407 0.14583333333333334 0.9861111111111112 0.14814814814814814 0.9814814814814815
0 0.22685185185185186 0.9583333333333334 0.22916666666666666 0.9606481481481481 0.22916666666666666 0.9652777777777778 0.22453703703703703 0.9675925925925926 0.2222222222222222 0.9652777777777778 0.2222222222222222 0.9606481481481481 0.22453703703703703 0.9606481481481481
0 0.7754629629629629 0.6759259259259259 0.7800925925925926 0.6736111111111112 0.7870370370370371 0.6736111111111112 0.7893518518518519 0.6759259259259259 0.7893518518518519 0.6828703703703703 0.7870370370370371 0.6851851851851852 0.7800925925925926 0.6851851851851852 0.7754629629629629 0.6782407407407407
0 0.17592592592592593 0.5208333333333334 0.18055555555555555 0.5254629629629629 0.18055555555555555 0.5300925925925926 0.17824074074074073 0.5324074074074074 0.16898148148148148 0.5324074074074074 0.16666666666666666 0.5277777777777778 0.16666666666666666 0.5254629629629629 0.1736111111111111 0.5208333333333334
0 0.6851851851851852 0.39351851851851855 0.6875 0.3958333333333333 0.6851851851851852 0.40046296296296297 0.6805555555555556 0.40046296296296297 0.6782407407407407 0.39814814814814814 0.6782407407407407 0.3958333333333333 0.6828703703703703 0.39351851851851855
0 0.2037037037037037 0.9756944444444444 0.009259259259259259 0.011574074074074073
0 0.9837962962962963 0.5995370370370371 0.9837962962962963 0.5949074074074074 0.9861111111111112 0.5925925925925926 0.9907407407407407 0.5949074074074074 0.9907407407407407 0.5995370370370371 0.9861111111111112 0.5995370370370371
0 0.9027777777777778 0.8078703703703703 0.009259259259259259 0.009259259259259259
0 0.08564814814814815 0.046296296296296294 0.09259259259259259 0.05092592592592592 0.09259259259259259 0.05555555555555555 0.08796296296296297 0.06018518518518518 0.0787037037037037 0.06018518518518518 0.0763888888888889 0.05787037037037037 0.0763888888888889 0.04861111111111111 0.08333333333333333 0.046296296296296294
0 0.5856481481481481 0.5972222222222222 0.5995370370370371 0.6087962962962963 0.5995370370370371 0.6157407407407407 0.5925925925925926 0.6226851851851852 0.5787037037037037 0.6226851851851852 0.5717592592592593 0.6134259259259259 0.5717592592592593 0.6064814814814815 0.5787037037037037 0.5995370370370371 0.5833333333333334 0.5995370370370371
0 0.6851851851851852 0.9861111111111112 0.6805555555555556 0.9791666666666666 0.6828703703703703 0.9768518518518519 0.6898148148148148 0.9768518518518519 0.6898148148148148 0.9837962962962963 0.6875 0.9837962962962963
0 0.7870370370370371 0.7129629629629629 0.7916666666666666 0.7199074074074074 0.7847222222222222 0.7245370370370371 0.7800925925925926 0.7199074074074074 0.7824074074074074 0.7152777777777778 0.7847222222222222 0.7152777777777778
0 0.30324074074074076 0.9837962962962963 0.30324074074074076 0.9907407407407407 0.30092592592592593 0.9930555555555556 0.2962962962962963 0.9930555555555556 0.29398148148148145 0.9907407407407407 0.29398148148148145 0.9837962962962963 0.2962962962962963 0.9814814814814815 0.30092592592592593 0.9837962962962963
0 0.9884259259259259 0.7199074074074074 0.9884259259259259 0.7152777777777778 0.9907407407407407 0.7129629629629629 0.9953703703703703 0.7152777777777778 0.9953703703703703 0.7199074074074074 0.9907407407407407 0.7199074074074074