0 0.6018518518518519 0.11342592592592593 0.6064814814814815 0.11342592592592593 0.6087962962962963 0.11574074074074074 0.6041666666666666 0.12268518518518519 0.6018518518518519 0.12268518518518519 0.6018518518518519 0.11574074074074074
0 0.6388888888888888 0.13194444444444445 0.6458333333333334 0.13194444444444445 0.6458333333333334 0.13657407407407407 0.6435185185185185 0.1388888888888889 0.6412037037037037 0.1388888888888889 0.6388888888888888 0.13425925925925927
0 0.8125 0.06712962962962964 0.009259259259259259 0.009259259259259259
0 0.8171296296296297 0.017361111111111112 0.009259259259259259 0.011574074074074073
0 0.9594907407407407 0.20717592592592593 0.006944444444444444 0.006944444444444444
0 0.6759259259259259 0.18287037037037038 0.6782407407407407 0.18518518518518517 0.6782407407407407 0.18981481481481483 0.6759259259259259 0.19212962962962962 0.6712962962962963 0.19212962962962962 0.6689814814814815 0.18981481481481483 0.6689814814814815 0.18518518518518517 0.6736111111111112 0.18287037037037038
0 0.9560185185185185 0.15046296296296297 0.009259259259259259 0.009259259259259259
0 0.22685185185185186 0.2152777777777778 0.009259259259259259 0.009259259259259259
0 0.26967592592592593 0.04861111111111111 0.011574074074074073 0.009259259259259259
0 0.32060185185185186 0.11805555555555555 0.006944444444444444 0.009259259259259259
0 0.75 0.16666666666666666 0.7523148148148148 0.16435185185185186 0.7592592592592593 0.16435185185185186 0.7592592592592593 0.1712962962962963 0.7569444444444444 0.1736111111111111 0.7546296296296297 0.1736111111111111 0.7523148148148148 0.16898148148148148
0 0.8703703703703703 0.05324074074074074 0.875 0.05324074074074074 0.875 0.06018518518518518 0.8703703703703703 0.06018518518518518 0.8703703703703703 0.05555555555555555
0 0.9976851851851852 0.0787037037037037 0.9976851851851852 0.09027777777777778 0.9953703703703703 0.08796296296296297 0.9953703703703703 0.08101851851851852
0 0.8125 0.09490740740740741 0.8125 0.09027777777777778 0.8148148148148148 0.08796296296296297 0.8194444444444444 0.09027777777777778 0.8194444444444444 0.09490740740740741 0.8148148148148148 0.09490740740740741
0 0.38773148148148145 0.13657407407407407 0.006944444444444444 0.009259259259259259