0 0.8587962962962963 0.18055555555555555 0.8657407407407407 0.18055555555555555 0.8680555555555556 0.18287037037037038 0.8680555555555556 0.18981481481481483 0.8587962962962963 0.18981481481481483 0.8564814814814815 0.18518518518518517 0.8587962962962963 0.18287037037037038
0 0.6574074074074074 0.8194444444444444 0.6620370370370371 0.8263888888888888 0.6597222222222222 0.8287037037037037 0.6550925925925926 0.8287037037037037 0.6527777777777778 0.8263888888888888 0.6527777777777778 0.8217592592592593 0.6550925925925926 0.8217592592592593
0 0.6018518518518519 0.5462962962962963 0.009259259259259259 0.009259259259259259
0 0.6180555555555556 0.6435185185185185 0.009259259259259259 0.009259259259259259
0 0.34953703703703703 0.8310185185185185 0.35185185185185186 0.8356481481481481 0.3472222222222222 0.8402777777777778 0.3449074074074074 0.8402777777777778 0.3425925925925926 0.8356481481481481 0.3425925925925926 0.8333333333333334 0.3472222222222222 0.8310185185185185
0 0.7430555555555556 0.7048611111111112 0.009259259259259259 0.011574074074074073
0 0.1412037037037037 0.24537037037037038 0.14583333333333334 0.24537037037037038 0.14814814814814814 0.24768518518518517 0.14814814814814814 0.2523148148148148 0.14351851851851852 0.25462962962962965 0.1412037037037037 0.2523148148148148 0.1412037037037037 0.24768518518518517
0 0.020833333333333332 0.8958333333333334 0.009259259259259259 0.009259259259259259
0 0.3125 0.5509259259259259 0.31712962962962965 0.5532407407407407 0.31712962962962965 0.5601851851851852 0.3101851851851852 0.5601851851851852 0.30787037037037035 0.5578703703703703 0.3101851851851852 0.5532407407407407
0 0.9490740740740741 0.49537037037037035 0.9537037037037037 0.49537037037037035 0.9537037037037037 0.5046296296296297 0.9490740740740741 0.5023148148148148 0.9490740740740741 0.4976851851851852
0 0.31712962962962965 0.8773148148148148 0.31712962962962965 0.8865740740740741 0.3125 0.8912037037037037 0.3055555555555556 0.8865740740740741 0.3055555555555556 0.8796296296296297 0.30787037037037035 0.8773148148148148 0.3148148148148148 0.8773148148148148
0 0.8472222222222222 0.020833333333333332 0.8495370370370371 0.023148148148148147 0.8495370370370371 0.027777777777777776 0.8472222222222222 0.03009259259259259 0.8402777777777778 0.03009259259259259 0.8379629629629629 0.02546296296296296 0.8449074074074074 0.020833333333333332
0 0.6458333333333334 0.6967592592592593 0.6527777777777778 0.6967592592592593 0.6550925925925926 0.6990740740740741 0.6550925925925926 0.7037037037037037 0.6504629629629629 0.7083333333333334 0.6435185185185185 0.7060185185185185 0.6435185185185185 0.7013888888888888 0.6458333333333334 0.6990740740740741
0 0.05787037037037037 0.8564814814814815 0.06018518518518518 0.8611111111111112 0.05555555555555555 0.8657407407407407 0.05092592592592592 0.8611111111111112 0.05092592592592592 0.8587962962962963 0.05555555555555555 0.8564814814814815
0 0.45601851851851855 0.6064814814814815 0.46064814814814814 0.6064814814814815 0.46296296296296297 0.6087962962962963 0.46296296296296297 0.6134259259259259 0.46064814814814814 0.6157407407407407 0.45601851851851855 0.6157407407407407 0.45601851851851855 0.6087962962962963
0 0.2789351851851852 0.40046296296296297 0.006944444444444444 0.009259259259259259
0 0.28935185185185186 0.6296296296296297 0.29398148148148145 0.6296296296296297 0.2962962962962963 0.6319444444444444 0.29398148148148145 0.6365740740740741 0.28935185185185186 0.6365740740740741 0.28935185185185186 0.6319444444444444
0 0.8564814814814815 0.41203703703703703 0.8564814814814815 0.41898148148148145 0.8518518518518519 0.41898148148148145 0.8495370370370371 0.4166666666666667 0.8495370370370371 0.41435185185185186 0.8541666666666666 0.41203703703703703
0 0.6689814814814815 0.0625 0.009259259259259259 0.009259259259259259
0 0.7141203703703703 0.6192129629629629 0.011574074074074073 0.011574074074074073
0 0.4375 0.5138888888888888 0.44212962962962965 0.5162037037037037 0.44212962962962965 0.5208333333333334 0.4398148148148148 0.5231481481481481 0.4351851851851852 0.5231481481481481 0.4351851851851852 0.5185185185185185 0.4375 0.5162037037037037
0 0.8657407407407407 0.8194444444444444 0.8703703703703703 0.8194444444444444 0.8726851851851852 0.8240740740740741 0.8703703703703703 0.8287037037037037 0.8657407407407407 0.8287037037037037 0.8634259259259259 0.8240740740740741 0.8657407407407407 0.8217592592592593
0 0.09490740740740741 0.7233796296296297 0.009259259259259259 0.011574074074074073
0 0.006944444444444444 0.9629629629629629 0.013888888888888888 0.9629629629629629 0.013888888888888888 0.9675925925925926 0.011574074074074073 0.9699074074074074 0.009259259259259259 0.9699074074074074 0.006944444444444444 0.9652777777777778
0 0.8912037037037037 0.2916666666666667 0.8912037037037037 0.28703703703703703 0.8935185185185185 0.2847222222222222 0.8981481481481481 0.28703703703703703 0.8981481481481481 0.2916666666666667 0.8935185185185185 0.2916666666666667
0 0.9120370370370371 0.3333333333333333 0.9166666666666666 0.33796296296296297 0.9143518518518519 0.3425925925925926 0.9074074074074074 0.3425925925925926 0.9074074074074074 0.33796296296296297 0.9097222222222222 0.33564814814814814
0 0.9560185185185185 0.4074074074074074 0.9560185185185185 0.40046296296296297 0.9583333333333334 0.39814814814814814 0.9629629629629629 0.40046296296296297 0.9629629629629629 0.4074074074074074 0.9583333333333334 0.4074074074074074
0 0.7916666666666666 0.7800925925925926 0.7939814814814815 0.7824074074074074 0.7916666666666666 0.7893518518518519 0.7824074074074074 0.7893518518518519 0.7800925925925926 0.7870370370370371 0.7800925925925926 0.7824074074074074 0.7824074074074074 0.7800925925925926 0.7893518518518519 0.7800925925925926
0 0.6782407407407407 0.75 0.6828703703703703 0.7546296296296297 0.6828703703703703 0.7615740740740741 0.6759259259259259 0.7615740740740741 0.6736111111111112 0.7569444444444444 0.6759259259259259 0.7523148148148148
0 0.037037037037037035 0.05439814814814815 0.009259259259259259 0.006944444444444444
0 0.7222222222222222 0.8229166666666666 0.013888888888888888 0.011574074074074073
0 0.6435185185185185 0.11342592592592593 0.009259259259259259 0.009259259259259259
0 0.7662037037037037 0.5069444444444444 0.7731481481481481 0.5069444444444444 0.7731481481481481 0.5162037037037037 0.7685185185185185 0.5162037037037037 0.7662037037037037 0.5138888888888888 0.7662037037037037 0.5092592592592593
0 0.4710648148148148 0.12384259259259259 0.006944444444444444 0.006944444444444444