0 0.3472222222222222 0.6967592592592593 0.34953703703703703 0.6990740740740741 0.3472222222222222 0.7037037037037037 0.3402777777777778 0.7013888888888888 0.3402777777777778 0.6990740740740741 0.3449074074074074 0.6967592592592593
0 0.09259259259259259 0.2465277777777778 0.009259259259259259 0.006944444444444444
0 0.9733796296296297 0.7893518518518519 0.006944444444444444 0.009259259259259259
0 0.20833333333333334 0.23842592592592593 0.21296296296296297 0.24537037037037038 0.21064814814814814 0.24768518518518517 0.2013888888888889 0.24768518518518517 0.2013888888888889 0.24074074074074073 0.20601851851851852 0.23842592592592593
0 0.12731481481481483 0.010416666666666666 0.009259259259259259 0.006944444444444444
0 0.19907407407407407 0.3229166666666667 0.009259259259259259 0.006944444444444444
0 0.6469907407407407 0.7326388888888888 0.006944444444444444 0.006944444444444444
0 0.4965277777777778 0.13310185185185186 0.006944444444444444 0.006944444444444444
0 0.8587962962962963 0.4861111111111111 0.009259259259259259 0.009259259259259259
0 0.2152777777777778 0.5324074074074074 0.009259259259259259 0.009259259259259259
0 0.1736111111111111 0.3912037037037037 0.17592592592592593 0.39351851851851855 0.17592592592592593 0.39814814814814814 0.1736111111111111 0.40046296296296297 0.16666666666666666 0.40046296296296297 0.16435185185185186 0.39814814814814814 0.16435185185185186 0.3958333333333333 0.1712962962962963 0.3912037037037037
0 0.6365740740740741 0.6412037037037037 0.6412037037037037 0.6435185185185185 0.6412037037037037 0.6481481481481481 0.6365740740740741 0.6504629629629629 0.6319444444444444 0.6481481481481481 0.6319444444444444 0.6435185185185185 0.6342592592592593 0.6435185185185185
0 0.9583333333333334 0.6099537037037037 0.009259259259259259 0.006944444444444444
0 0.8229166666666666 0.9363425925925926 0.006944444444444444 0.006944444444444444
0 0.6064814814814815 0.6365740740740741 0.6134259259259259 0.6458333333333334 0.6087962962962963 0.6504629629629629 0.6018518518518519 0.6504629629629629 0.5995370370370371 0.6481481481481481 0.5995370370370371 0.6412037037037037 0.6041666666666666 0.6388888888888888
0 0.45601851851851855 0.4791666666666667 0.46064814814814814 0.4837962962962963 0.4583333333333333 0.48842592592592593 0.4513888888888889 0.48842592592592593 0.44907407407407407 0.4861111111111111 0.44907407407407407 0.48148148148148145 0.4537037037037037 0.4791666666666667
0 0.24074074074074073 0.18981481481481483 0.009259259259259259 0.009259259259259259
0 0.2789351851851852 0.48842592592592593 0.006944444444444444 0.009259259259259259