0 0.7719907407407407 0.16550925925925927 0.006944444444444444 0.011574074074074073
0 0.5046296296296297 0.9745370370370371 0.009259259259259259 0.009259259259259259
0 0.8831018518518519 0.8784722222222222 0.006944444444444444 0.006944444444444444
0 0.7534722222222222 0.2835648148148148 0.006944444444444444 0.006944444444444444
0 0.8564814814814815 0.44675925925925924 0.8634259259259259 0.44675925925925924 0.8657407407407407 0.4513888888888889 0.8634259259259259 0.45601851851851855 0.8564814814814815 0.45601851851851855 0.8564814814814815 0.44907407407407407
0 0.41898148148148145 0.5914351851851852 0.004629629629629629 0.006944444444444444
0 0.061342592592592594 0.7164351851851852 0.006944444444444444 0.006944444444444444
0 0.47685185185185186 0.625 0.4837962962962963 0.625 0.4861111111111111 0.6273148148148148 0.4861111111111111 0.6342592592592593 0.48148148148148145 0.6365740740740741 0.47685185185185186 0.6342592592592593 0.47685185185185186 0.6273148148148148
0 0.6851851851851852 0.3645833333333333 0.004629629629629629 0.006944444444444444
0 0.5277777777777778 0.03935185185185185 0.5324074074074074 0.03935185185185185 0.5370370370370371 0.04398148148148148 0.5370370370370371 0.04861111111111111 0.5277777777777778 0.05092592592592592 0.5254629629629629 0.04861111111111111 0.5254629629629629 0.04398148148148148 0.5277777777777778 0.041666666666666664
0 0.8495370370370371 0.10532407407407407 0.009259259259259259 0.011574074074074073
0 0.8703703703703703 0.8182870370370371 0.004629629629629629 0.006944444444444444
0 0.2488425925925926 0.19907407407407407 0.006944444444444444 0.009259259259259259
0 0.2800925925925926 0.5995370370370371 0.009259259259259259 0.009259259259259259
0 0.6828703703703703 0.5231481481481481 0.6898148148148148 0.5231481481481481 0.6875 0.5300925925925926 0.6828703703703703 0.5300925925925926 0.6828703703703703 0.5254629629629629
0 0.3425925925925926 0.06365740740740741 0.009259259259259259 0.011574074074074073
0 0.4537037037037037 0.125 0.4583333333333333 0.125 0.4583333333333333 0.13194444444444445 0.4537037037037037 0.13194444444444445 0.4513888888888889 0.12962962962962962 0.4537037037037037 0.12731481481481483
0 0.9340277777777778 0.41898148148148145 0.006944444444444444 0.009259259259259259
0 0.8171296296296297 0.7847222222222222 0.8217592592592593 0.7916666666666666 0.8194444444444444 0.7939814814814815 0.8148148148148148 0.7939814814814815 0.8125 0.7893518518518519 0.8148148148148148 0.7870370370370371
0 0.1875 0.011574074074074073 0.1875 0.004629629629629629 0.18981481481481483 0.0023148148148148147 0.19675925925925927 0.006944444444444444 0.19444444444444445 0.011574074074074073 0.18981481481481483 0.011574074074074073
0 0.6782407407407407 0.8611111111111112 0.6782407407407407 0.8541666666666666 0.6805555555555556 0.8518518518518519 0.6875 0.8518518518518519 0.6875 0.8611111111111112 0.6851851851851852 0.8634259259259259 0.6805555555555556 0.8611111111111112
0 0.6944444444444444 0.3726851851851852 0.6990740740740741 0.3726851851851852 0.6990740740740741 0.37962962962962965 0.6944444444444444 0.37962962962962965 0.6944444444444444 0.375
0 0.8356481481481481 0.5231481481481481 0.8402777777777778 0.5208333333333334 0.8449074074074074 0.5231481481481481 0.8402777777777778 0.5300925925925926 0.8379629629629629 0.5300925925925926 0.8356481481481481 0.5254629629629629