0 0.5150462962962963 0.6805555555555556 0.006944444444444444 0.009259259259259259
0 0.8101851851851852 0.08796296296296297 0.8148148148148148 0.08796296296296297 0.8171296296296297 0.09027777777777778 0.8171296296296297 0.09490740740740741 0.8101851851851852 0.09490740740740741 0.8101851851851852 0.09027777777777778
0 0.12731481481481483 0.31828703703703703 0.009259259259259259 0.011574074074074073
0 0.8506944444444444 0.6689814814814815 0.011574074074074073 0.009259259259259259
0 0.7476851851851852 0.4664351851851852 0.4583333333333333 0.03935185185185185
0 0.6006944444444444 0.25462962962962965 0.006944444444444444 0.009259259259259259
0 0.14583333333333334 0.2523148148148148 0.15046296296296297 0.25462962962962965 0.15046296296296297 0.26157407407407407 0.14583333333333334 0.26157407407407407 0.14351851851851852 0.2569444444444444 0.14583333333333334 0.25462962962962965
0 0.6168981481481481 0.8252314814814815 0.006944444444444444 0.006944444444444444
0 0.6793981481481481 0.032407407407407406 0.006944444444444444 0.009259259259259259
0 0.3113425925925926 0.6053240740740741 0.006944444444444444 0.006944444444444444
0 0.19444444444444445 0.44907407407407407 0.19907407407407407 0.44907407407407407 0.2013888888888889 0.4513888888888889 0.2013888888888889 0.45601851851851855 0.19907407407407407 0.4583333333333333 0.19444444444444445 0.4583333333333333 0.19212962962962962 0.45601851851851855 0.19444444444444445 0.4513888888888889
0 0.9351851851851852 0.23148148148148148 0.9421296296296297 0.23148148148148148 0.9421296296296297 0.2361111111111111 0.9398148148148148 0.23842592592592593 0.9351851851851852 0.2361111111111111 0.9351851851851852 0.2337962962962963
0 0.9745370370370371 0.4837962962962963 0.004629629629629629 0.009259259259259259
0 0.8078703703703703 0.8425925925925926 0.8078703703703703 0.8379629629629629 0.8101851851851852 0.8356481481481481 0.8148148148148148 0.8379629629629629 0.8148148148148148 0.8425925925925926 0.8101851851851852 0.8425925925925926
0 0.5358796296296297 0.3854166666666667 0.006944444444444444 0.006944444444444444
0 0.5069444444444444 0.44675925925925924 0.009259259259259259 0.009259259259259259
0 0.24305555555555555 0 0.24768518518518517 0 0.24768518518518517 0.006944444444444444 0.24537037037037038 0.009259259259259259 0.24305555555555555 0.006944444444444444 0.24305555555555555 0.0023148148148148147
0 0.2974537037037037 0.8657407407407407 0.006944444444444444 0.009259259259259259
0 0.7708333333333334 0.07175925925925926 0.7731481481481481 0.0763888888888889 0.7685185185185185 0.08101851851851852 0.7638888888888888 0.0763888888888889 0.7638888888888888 0.07407407407407407 0.7685185185185185 0.07175925925925926
0 0.9247685185185185 0.24189814814814814 0.006944444444444444 0.006944444444444444
0 0.27546296296296297 0.4652777777777778 0.2800925925925926 0.4652777777777778 0.2800925925925926 0.4722222222222222 0.27546296296296297 0.4722222222222222 0.27546296296296297 0.4675925925925926