0 0.08796296296296297 0.18518518518518517 0.09259259259259259 0.18518518518518517 0.09490740740740741 0.1875 0.09259259259259259 0.19212962962962962 0.08796296296296297 0.19212962962962962 0.08796296296296297 0.1875
0 0.35648148148148145 0.02662037037037037 0.009259259259259259 0.006944444444444444
0 0.4363425925925926 0.6828703703703703 0.006944444444444444 0.009259259259259259
0 0.4861111111111111 0.09490740740740741 0.4861111111111111 0.10185185185185185 0.48148148148148145 0.10185185185185185 0.4791666666666667 0.09953703703703703 0.4791666666666667 0.09722222222222222 0.4837962962962963 0.09490740740740741
0 0.7673611111111112 0.14814814814814814 0.011574074074074073 0.009259259259259259
0 0.32060185185185186 0.27662037037037035 0.006944444444444444 0.006944444444444444
0 0.11689814814814815 0.1087962962962963 0.006944444444444444 0.009259259259259259
0 0.9120370370370371 0.6643518518518519 0.9120370370370371 0.6712962962962963 0.9074074074074074 0.6712962962962963 0.9050925925925926 0.6666666666666666 0.9097222222222222 0.6643518518518519
0 0.5162037037037037 0.75 0.5208333333333334 0.75 0.5231481481481481 0.7523148148148148 0.5231481481481481 0.7569444444444444 0.5185185185185185 0.7569444444444444 0.5162037037037037 0.7523148148148148
0 0.2650462962962963 0.5613425925925926 0.011574074074074073 0.006944444444444444
0 0.2488425925925926 0.5 0.006944444444444444 0.009259259259259259
0 0.3148148148148148 0.6990740740740741 0.3148148148148148 0.6921296296296297 0.31712962962962965 0.6898148148148148 0.32175925925925924 0.6921296296296297 0.32175925925925924 0.6990740740740741 0.3194444444444444 0.7013888888888888 0.31712962962962965 0.6990740740740741
0 0.9560185185185185 0.32407407407407407 0.009259259259259259 0.009259259259259259
0 0.6238425925925926 0.6828703703703703 0.006944444444444444 0.009259259259259259
0 0.7164351851851852 0.4074074074074074 0.006944444444444444 0.009259259259259259