0 0.5347222222222222 0.8043981481481481 0.009259259259259259 0.006944444444444444
0 0.18287037037037038 0.8009259259259259 0.18981481481481483 0.7962962962962963 0.18981481481481483 0.8055555555555556 0.18518518518518517 0.8055555555555556 0.18518518518518517 0.8032407407407407
0 0.6550925925925926 0.5324074074074074 0.6550925925925926 0.5393518518518519 0.6458333333333334 0.5370370370370371 0.6458333333333334 0.5324074074074074 0.6481481481481481 0.5300925925925926 0.6527777777777778 0.5324074074074074
0 0.2708333333333333 0.8912037037037037 0.27314814814814814 0.8935185185185185 0.27314814814814814 0.9004629629629629 0.2662037037037037 0.9004629629629629 0.2638888888888889 0.8981481481481481 0.2638888888888889 0.8935185185185185 0.26851851851851855 0.8912037037037037
0 0.9305555555555556 0.9583333333333334 0.9351851851851852 0.9629629629629629 0.9351851851851852 0.9675925925925926 0.9305555555555556 0.9722222222222222 0.9259259259259259 0.9722222222222222 0.9212962962962963 0.9675925925925926 0.9212962962962963 0.9629629629629629 0.9282407407407407 0.9583333333333334
0 0.11574074074074074 0.5995370370370371 0.11805555555555555 0.6018518518518519 0.11805555555555555 0.6064814814814815 0.11574074074074074 0.6087962962962963 0.1087962962962963 0.6087962962962963 0.1087962962962963 0.6018518518518519 0.11342592592592593 0.5995370370370371
0 0.46296296296296297 0.7962962962962963 0.4675925925925926 0.7962962962962963 0.4699074074074074 0.7986111111111112 0.4699074074074074 0.8032407407407407 0.46296296296296297 0.8032407407407407 0.46296296296296297 0.7986111111111112
0 0.8449074074074074 0.8495370370370371 0.8449074074074074 0.8425925925925926 0.8472222222222222 0.8402777777777778 0.8541666666666666 0.8449074074074074 0.8518518518518519 0.8495370370370371 0.8472222222222222 0.8495370370370371
0 0.8101851851851852 0.9004629629629629 0.8101851851851852 0.9050925925925926 0.8078703703703703 0.9074074074074074 0.8032407407407407 0.9074074074074074 0.8009259259259259 0.9050925925925926 0.8009259259259259 0.9004629629629629 0.8032407407407407 0.8981481481481481 0.8078703703703703 0.9004629629629629
0 0.03125 0.36921296296296297 0.006944444444444444 0.006944444444444444
0 0.9629629629629629 0.8449074074074074 0.9675925925925926 0.8472222222222222 0.9675925925925926 0.8518518518518519 0.9652777777777778 0.8541666666666666 0.9606481481481481 0.8541666666666666 0.9583333333333334 0.8518518518518519 0.9606481481481481 0.8472222222222222
0 0.4699074074074074 0.8773148148148148 0.47453703703703703 0.8796296296296297 0.47685185185185186 0.8842592592592593 0.47453703703703703 0.8865740740740741 0.4675925925925926 0.8865740740740741 0.4652777777777778 0.8842592592592593 0.4675925925925926 0.8796296296296297
0 0.7430555555555556 0.8379629629629629 0.7476851851851852 0.8379629629629629 0.75 0.8402777777777778 0.75 0.8449074074074074 0.7453703703703703 0.8449074074074074 0.7430555555555556 0.8402777777777778
0 0.1111111111111111 0.8379629629629629 0.11574074074074074 0.8449074074074074 0.11574074074074074 0.8495370370370371 0.10416666666666667 0.8495370370370371 0.10185185185185185 0.8449074074074074 0.10416666666666667 0.8402777777777778 0.1087962962962963 0.8379629629629629
0 0.20601851851851852 0.4398148148148148 0.20601851851851852 0.44675925925925924 0.2037037037037037 0.44907407407407407 0.19907407407407407 0.44907407407407407 0.19907407407407407 0.44212962962962965 0.2037037037037037 0.4398148148148148
0 0.3912037037037037 0.6643518518518519 0.39351851851851855 0.6666666666666666 0.39351851851851855 0.6736111111111112 0.38425925925925924 0.6736111111111112 0.3819444444444444 0.6712962962962963 0.3819444444444444 0.6689814814814815 0.3888888888888889 0.6643518518518519
0 0.22337962962962962 0.8680555555555556 0.016203703703703703 0.013888888888888888
0 0.8333333333333334 0.9722222222222222 0.8425925925925926 0.9745370370370371 0.8425925925925926 0.9791666666666666 0.8379629629629629 0.9791666666666666 0.8356481481481481 0.9814814814814815 0.8310185185185185 0.9791666666666666 0.8333333333333334 0.9745370370370371
0 0.8518518518518519 0.5694444444444444 0.8564814814814815 0.5671296296296297 0.8611111111111112 0.5694444444444444 0.8587962962962963 0.5740740740740741 0.8541666666666666 0.5740740740740741 0.8518518518518519 0.5717592592592593
0 0.2986111111111111 0.7337962962962963 0.29398148148148145 0.7430555555555556 0.28935185185185186 0.7407407407407407 0.28935185185185186 0.7337962962962963 0.2916666666666667 0.7314814814814815 0.2962962962962963 0.7337962962962963
0 0.42824074074074076 0.47800925925925924 0.009259259259259259 0.006944444444444444
0 0.42824074074074076 0.30092592592592593 0.009259259259259259 0.009259259259259259
0 0.4212962962962963 0.9421296296296297 0.009259259259259259 0.009259259259259259
0 0.7546296296296297 0.4976851851851852 0.7546296296296297 0.4930555555555556 0.7569444444444444 0.49074074074074076 0.7615740740740741 0.4930555555555556 0.7615740740740741 0.4976851851851852 0.7569444444444444 0.4976851851851852
0 0.06597222222222222 0.9583333333333334 0.006944444444444444 0.009259259259259259
0 0.36342592592592593 0.32407407407407407 0.36342592592592593 0.3194444444444444 0.36574074074074076 0.31712962962962965 0.3726851851851852 0.31712962962962965 0.375 0.3194444444444444 0.375 0.32407407407407407 0.36574074074074076 0.32407407407407407
0 0.9629629629629629 0.6157407407407407 0.9675925925925926 0.6157407407407407 0.9699074074074074 0.6180555555555556 0.9675925925925926 0.6226851851851852 0.9606481481481481 0.6226851851851852 0.9629629629629629 0.6180555555555556
0 0.2962962962962963 0.3148148148148148 0.30092592592592593 0.3148148148148148 0.30092592592592593 0.32175925925925924 0.2962962962962963 0.32175925925925924 0.2962962962962963 0.31712962962962965
0 0.4050925925925926 0.8449074074074074 0.4050925925925926 0.8518518518518519 0.40046296296296297 0.8541666666666666 0.39814814814814814 0.8518518518518519 0.39814814814814814 0.8472222222222222 0.4027777777777778 0.8449074074074074
0 0.14583333333333334 0.16435185185185186 0.15046296296296297 0.16435185185185186 0.1527777777777778 0.16666666666666666 0.1527777777777778 0.1712962962962963 0.15046296296296297 0.1736111111111111 0.14583333333333334 0.1736111111111111 0.14351851851851852 0.16898148148148148 0.14583333333333334 0.16666666666666666
0 0.5393518518518519 0.7129629629629629 0.009259259259259259 0.009259259259259259
0 0.5266203703703703 0.3333333333333333 0.006944444444444444 0.009259259259259259
0 0.8680555555555556 0.5011574074074074 0.009259259259259259 0.011574074074074073
0 0.7962962962962963 0.6828703703703703 0.8032407407407407 0.6828703703703703 0.8055555555555556 0.6851851851851852 0.8009259259259259 0.6898148148148148 0.7962962962962963 0.6898148148148148 0.7962962962962963 0.6851851851851852
0 0.24537037037037038 0.9768518518518519 0.25462962962962965 0.9768518518518519 0.25462962962962965 0.9861111111111112 0.2523148148148148 0.9884259259259259 0.24537037037037038 0.9884259259259259 0.24305555555555555 0.9837962962962963 0.24537037037037038 0.9791666666666666