0 0.9340277777777778 0.19328703703703703 0.006944444444444444 0.006944444444444444
0 0.7893518518518519 0.24421296296296297 0.009259259259259259 0.011574074074074073
0 0.5439814814814815 0.5497685185185185 0.009259259259259259 0.006944444444444444
0 0.9039351851851852 0.4027777777777778 0.006944444444444444 0.009259259259259259
0 0.8287037037037037 0.8935185185185185 0.009259259259259259 0.009259259259259259
0 0.10300925925925926 0.1527777777777778 0.006944444444444444 0.009259259259259259
0 0.5844907407407407 0.8402777777777778 0.006944444444444444 0.009259259259259259
0 0.21064814814814814 0.20023148148148148 0.004629629629629629 0.006944444444444444
0 0.7627314814814815 0.6504629629629629 0.006944444444444444 0.009259259259259259
0 0.4201388888888889 0.36689814814814814 0.006944444444444444 0.011574074074074073
0 0.9791666666666666 0.9409722222222222 0.004629629629629629 0.006944444444444444
0 0.7708333333333334 0.08796296296296297 0.7800925925925926 0.08796296296296297 0.7800925925925926 0.09953703703703703 0.7731481481481481 0.09953703703703703 0.7685185185185185 0.09259259259259259 0.7708333333333334 0.09027777777777778