0 0.16319444444444445 0.7893518518518519 0.011574074074074073 0.009259259259259259
0 0.8449074074074074 0 0.8541666666666666 0.006944444444444444 0.8541666666666666 0.013888888888888888 0.8518518518518519 0.016203703703703703 0.8449074074074074 0.016203703703703703 0.8402777777777778 0.011574074074074073 0.8402777777777778 0.004629629629629629 0.8425925925925926 0.0023148148148148147
0 0.6203703703703703 0.5694444444444444 0.6226851851851852 0.5717592592592593 0.6226851851851852 0.5787037037037037 0.6180555555555556 0.5810185185185185 0.6157407407407407 0.5787037037037037 0.6134259259259259 0.5740740740740741 0.6180555555555556 0.5717592592592593
0 0.7962962962962963 0.9745370370370371 0.7986111111111112 0.9768518518518519 0.7986111111111112 0.9814814814814815 0.7939814814814815 0.9837962962962963 0.7893518518518519 0.9791666666666666 0.7893518518518519 0.9768518518518519 0.7939814814814815 0.9745370370370371
0 0.9143518518518519 0.5046296296296297 0.9189814814814815 0.5069444444444444 0.9189814814814815 0.5115740740740741 0.9166666666666666 0.5138888888888888 0.9120370370370371 0.5115740740740741 0.9120370370370371 0.5069444444444444
0 0.02546296296296296 0.7546296296296297 0.03009259259259259 0.7569444444444444 0.03009259259259259 0.7662037037037037 0.027777777777777776 0.7685185185185185 0.023148148148148147 0.7685185185185185 0.020833333333333332 0.7662037037037037 0.018518518518518517 0.7592592592592593 0.023148148148148147 0.7569444444444444
0 0.24768518518518517 0.11458333333333333 0.009259259259259259 0.011574074074074073
0 0.4166666666666667 0.8032407407407407 0.4166666666666667 0.8101851851851852 0.41203703703703703 0.8101851851851852 0.4097222222222222 0.8078703703703703 0.4097222222222222 0.8055555555555556 0.41435185185185186 0.8032407407407407
0 0.4722222222222222 0.09722222222222222 0.4791666666666667 0.09722222222222222 0.4791666666666667 0.10185185185185185 0.47685185185185186 0.10416666666666667 0.47453703703703703 0.10416666666666667 0.4722222222222222 0.09953703703703703
0 0.6296296296296297 0.7997685185185185 0.013888888888888888 0.011574074074074073
0 0.1875 0.3148148148148148 0.19212962962962962 0.3148148148148148 0.19444444444444445 0.31712962962962965 0.19444444444444445 0.32175925925925924 0.19212962962962962 0.32407407407407407 0.1875 0.32407407407407407 0.1875 0.31712962962962965
0 0.5462962962962963 0.9837962962962963 0.5532407407407407 0.9837962962962963 0.5555555555555556 0.9861111111111112 0.5555555555555556 0.9930555555555556 0.5462962962962963 0.9930555555555556 0.5462962962962963 0.9861111111111112
0 0.5763888888888888 0.9189814814814815 0.5856481481481481 0.9212962962962963 0.5856481481481481 0.9282407407407407 0.5833333333333334 0.9305555555555556 0.5787037037037037 0.9305555555555556 0.5763888888888888 0.9282407407407407 0.5763888888888888 0.9212962962962963
0 0.3055555555555556 0.6574074074074074 0.3125 0.6574074074074074 0.3125 0.6620370370370371 0.3101851851851852 0.6643518518518519 0.30787037037037035 0.6643518518518519 0.3055555555555556 0.6597222222222222
0 0.3287037037037037 0.6921296296296297 0.3287037037037037 0.6851851851851852 0.33101851851851855 0.6828703703703703 0.33796296296296297 0.6828703703703703 0.3402777777777778 0.6851851851851852 0.33564814814814814 0.6921296296296297 0.33101851851851855 0.6921296296296297
0 0.17824074074074073 0.5995370370370371 0.18518518518518517 0.5995370370370371 0.18518518518518517 0.6041666666666666 0.18287037037037038 0.6064814814814815 0.18055555555555555 0.6064814814814815 0.17824074074074073 0.6018518518518519
0 0.24305555555555555 0.6782407407407407 0.24305555555555555 0.6712962962962963 0.24537037037037038 0.6689814814814815 0.24768518518518517 0.6689814814814815 0.25 0.6736111111111112 0.25 0.6759259259259259 0.24537037037037038 0.6782407407407407
0 0.7037037037037037 0.4652777777777778 0.7037037037037037 0.4583333333333333 0.7060185185185185 0.45601851851851855 0.7129629629629629 0.46064814814814814 0.7083333333333334 0.4675925925925926 0.7060185185185185 0.4652777777777778
0 0.7337962962962963 0.06481481481481481 0.7361111111111112 0.06712962962962964 0.7361111111111112 0.07407407407407407 0.7291666666666666 0.07407407407407407 0.7268518518518519 0.07175925925925926 0.7268518518518519 0.06712962962962964 0.7314814814814815 0.06481481481481481
0 0.47685185185185186 0.8194444444444444 0.47685185185185186 0.8148148148148148 0.4791666666666667 0.8125 0.4861111111111111 0.8171296296296297 0.4837962962962963 0.8217592592592593 0.4791666666666667 0.8194444444444444
0 0.19907407407407407 0.5439814814814815 0.2013888888888889 0.5462962962962963 0.2013888888888889 0.5532407407407407 0.19907407407407407 0.5555555555555556 0.19212962962962962 0.5555555555555556 0.1875 0.5509259259259259 0.1875 0.5462962962962963 0.18981481481481483 0.5439814814814815 0.19675925925925927 0.5439814814814815
0 0.05555555555555555 0.9525462962962963 0.013888888888888888 0.016203703703703703
0 0.6550925925925926 0.49074074074074076 0.6597222222222222 0.49074074074074076 0.6620370370370371 0.4930555555555556 0.6620370370370371 0.4976851851851852 0.6550925925925926 0.4976851851851852 0.6550925925925926 0.4930555555555556
0 0.6875 0.3611111111111111 0.6898148148148148 0.36574074074074076 0.6851851851851852 0.37037037037037035 0.6805555555555556 0.36574074074074076 0.6805555555555556 0.36342592592592593 0.6851851851851852 0.3611111111111111
0 0.08333333333333333 0.8541666666666666 0.08796296296296297 0.8541666666666666 0.09027777777777778 0.8564814814814815 0.08796296296296297 0.8611111111111112 0.08333333333333333 0.8611111111111112 0.08101851851851852 0.8587962962962963 0.08333333333333333 0.8564814814814815
0 0.9745370370370371 0.36342592592592593 0.9791666666666666 0.36574074074074076 0.9791666666666666 0.3726851851851852 0.9768518518518519 0.375 0.9722222222222222 0.375 0.9699074074074074 0.3726851851851852 0.9699074074074074 0.36574074074074076 0.9722222222222222 0.36574074074074076
0 0.7511574074074074 0.9629629629629629 0.006944444444444444 0.009259259259259259
0 0.6550925925925926 0.8356481481481481 0.009259259259259259 0.009259259259259259
0 0.33101851851851855 0.032407407407407406 0.3402777777777778 0.032407407407407406 0.3425925925925926 0.034722222222222224 0.33564814814814814 0.04398148148148148 0.3287037037037037 0.041666666666666664 0.3287037037037037 0.037037037037037035 0.33101851851851855 0.034722222222222224
0 0.7060185185185185 0.14814814814814814 0.7083333333333334 0.1527777777777778 0.7060185185185185 0.1597222222222222 0.7013888888888888 0.1597222222222222 0.6967592592592593 0.1550925925925926 0.6967592592592593 0.15046296296296297 0.7037037037037037 0.14814814814814814
0 0.7731481481481481 0.7962962962962963 0.7731481481481481 0.8032407407407407 0.7685185185185185 0.8032407407407407 0.7662037037037037 0.8009259259259259 0.7662037037037037 0.7986111111111112 0.7708333333333334 0.7962962962962963
0 0.6597222222222222 0.32175925925925924 0.6666666666666666 0.31712962962962965 0.6689814814814815 0.3194444444444444 0.6689814814814815 0.32407407407407407 0.6666666666666666 0.3263888888888889 0.6620370370370371 0.32407407407407407
0 0.2824074074074074 0.6527777777777778 0.28703703703703703 0.6527777777777778 0.28935185185185186 0.6550925925925926 0.28703703703703703 0.6620370370370371 0.2824074074074074 0.6620370370370371 0.2800925925925926 0.6574074074074074 0.2824074074074074 0.6550925925925926
0 0.29398148148148145 0.9814814814814815 0.2986111111111111 0.9791666666666666 0.3101851851851852 0.9814814814814815 0.3101851851851852 0.9861111111111112 0.3055555555555556 0.9907407407407407 0.2986111111111111 0.9907407407407407 0.29398148148148145 0.9837962962962963
0 0.7789351851851852 0.9525462962962963 0.006944444444444444 0.006944444444444444