0 0.8981481481481481 0.2175925925925926 0.8981481481481481 0.21064814814814814 0.9004629629629629 0.20833333333333334 0.9050925925925926 0.21064814814814814 0.9050925925925926 0.2152777777777778 0.9004629629629629 0.2175925925925926
0 0.6712962962962963 0.032407407407407406 0.6782407407407407 0.032407407407407406 0.6782407407407407 0.037037037037037035 0.6712962962962963 0.037037037037037035 0.6712962962962963 0.034722222222222224
0 0.9837962962962963 0.5 0.9907407407407407 0.5 0.9907407407407407 0.5046296296296297 0.9837962962962963 0.5046296296296297 0.9837962962962963 0.5023148148148148
0 0.48842592592592593 0.49537037037037035 0.009259259259259259 0.009259259259259259
0 0.25925925925925924 0.08449074074074074 0.009259259259259259 0.006944444444444444
0 0.37037037037037035 0.8217592592592593 0.37037037037037035 0.8287037037037037 0.36574074074074076 0.8287037037037037 0.36342592592592593 0.8263888888888888 0.36342592592592593 0.8240740740740741 0.3680555555555556 0.8217592592592593
0 0.41898148148148145 0.6875 0.009259259259259259 0.009259259259259259
0 0.013888888888888888 0.7800925925925926 0.020833333333333332 0.7800925925925926 0.023148148148148147 0.7824074074074074 0.023148148148148147 0.7870370370370371 0.013888888888888888 0.7870370370370371 0.013888888888888888 0.7824074074074074
0 0.33796296296296297 0.47453703703703703 0.3425925925925926 0.47685185185185186 0.3425925925925926 0.4791666666666667 0.3402777777777778 0.48148148148148145 0.33564814814814814 0.48148148148148145 0.3333333333333333 0.4791666666666667 0.3333333333333333 0.47685185185185186 0.33564814814814814 0.47685185185185186
0 0.8263888888888888 0.8912037037037037 0.8402777777777778 0.8912037037037037 0.8425925925925926 0.8935185185185185 0.8425925925925926 0.8981481481481481 0.8379629629629629 0.9004629629629629 0.8287037037037037 0.8981481481481481 0.8263888888888888 0.8935185185185185
0 0.9375 0.7523148148148148 0.9421296296296297 0.7523148148148148 0.9421296296296297 0.7592592592592593 0.9375 0.7592592592592593 0.9375 0.7546296296296297
0 0.6527777777777778 0.7962962962962963 0.009259259259259259 0.009259259259259259
0 0.09953703703703703 0.9606481481481481 0.10416666666666667 0.9629629629629629 0.10416666666666667 0.9675925925925926 0.09953703703703703 0.9722222222222222 0.09490740740740741 0.9722222222222222 0.09027777777777778 0.9675925925925926 0.09027777777777778 0.9629629629629629 0.09722222222222222 0.9606481481481481
0 0.2638888888888889 0.29398148148148145 0.27314814814814814 0.29398148148148145 0.27314814814814814 0.2986111111111111 0.2708333333333333 0.30092592592592593 0.2638888888888889 0.30092592592592593 0.2638888888888889 0.2962962962962963
0 0.39814814814814814 0.5949074074074074 0.009259259259259259 0.009259259259259259
0 0.09490740740740741 0.6898148148148148 0.023148148148148147 0.023148148148148147
0 0.9305555555555556 0.5162037037037037 0.9351851851851852 0.5185185185185185 0.9351851851851852 0.5231481481481481 0.9328703703703703 0.5254629629629629 0.9282407407407407 0.5231481481481481 0.9282407407407407 0.5185185185185185
0 0.9363425925925926 0.9467592592592593 0.006944444444444444 0.009259259259259259
0 0.05092592592592592 0.9097222222222222 0.05324074074074074 0.9120370370370371 0.05324074074074074 0.9166666666666666 0.046296296296296294 0.9166666666666666 0.046296296296296294 0.9120370370370371 0.04861111111111111 0.9120370370370371
0 0.9722222222222222 0.5486111111111112 0.009259259259259259 0.009259259259259259
0 0.6643518518518519 0.05787037037037037 0.6712962962962963 0.05787037037037037 0.6736111111111112 0.06018518518518518 0.6736111111111112 0.06481481481481481 0.6712962962962963 0.06712962962962964 0.6643518518518519 0.06712962962962964 0.6643518518518519 0.06018518518518518