0 0.2962962962962963 0.32407407407407407 0.004629629629629629 0.004629629629629629
0 0.25578703703703703 0.15393518518518517 0.006944444444444444 0.006944444444444444
0 0.16550925925925927 0.061342592592592594 0.006944444444444444 0.006944444444444444
0 0.10416666666666667 0.17939814814814814 0.004629629629629629 0.006944444444444444
0 0.034722222222222224 0.2152777777777778 0.009259259259259259 0.009259259259259259
0 0.09837962962962964 0.24537037037037038 0.006944444444444444 0.004629629629629629
0 0.3113425925925926 0.13541666666666666 0.006944444444444444 0.006944444444444444
0 0.13541666666666666 0.49421296296296297 0.006944444444444444 0.006944444444444444
0 0.2175925925925926 0.22800925925925927 0.009259259259259259 0.006944444444444444
0 0.1076388888888889 0.3819444444444444 0.006944444444444444 0.004629629629629629
0 0.1909722222222222 0.9467592592592593 0.006944444444444444 0.004629629629629629