0 0.16203703703703703 0.7638888888888888 0.16203703703703703 0.7708333333333334 0.1574074074074074 0.7708333333333334 0.1550925925925926 0.7685185185185185 0.1550925925925926 0.7662037037037037 0.1597222222222222 0.7638888888888888
0 0.5856481481481481 0.3333333333333333 0.5949074074074074 0.3333333333333333 0.5949074074074074 0.33796296296296297 0.5925925925925926 0.3402777777777778 0.5856481481481481 0.33796296296296297 0.5856481481481481 0.33564814814814814
0 0.7824074074074074 0.5104166666666666 0.009259259259259259 0.006944444444444444
0 0.9004629629629629 0.8240740740740741 0.9027777777777778 0.8263888888888888 0.9004629629629629 0.8310185185185185 0.8958333333333334 0.8310185185185185 0.8935185185185185 0.8287037037037037 0.8935185185185185 0.8263888888888888 0.8981481481481481 0.8240740740740741
0 0.07407407407407407 0.75 0.0787037037037037 0.7546296296296297 0.0787037037037037 0.7592592592592593 0.0763888888888889 0.7615740740740741 0.06944444444444445 0.7615740740740741 0.06712962962962964 0.7592592592592593 0.06712962962962964 0.7523148148148148 0.07175925925925926 0.75
0 0.22800925925925927 0.017361111111111112 0.016203703703703703 0.016203703703703703
0 0.6365740740740741 0.5162037037037037 0.6412037037037037 0.5208333333333334 0.6412037037037037 0.5231481481481481 0.6365740740740741 0.5254629629629629 0.6319444444444444 0.5254629629629629 0.6296296296296297 0.5231481481481481 0.6296296296296297 0.5185185185185185 0.6342592592592593 0.5162037037037037
0 0.7754629629629629 0.14699074074074073 0.009259259259259259 0.006944444444444444
0 0.6273148148148148 0.7361111111111112 0.009259259259259259 0.009259259259259259
0 0.023148148148148147 0.7847222222222222 0.027777777777777776 0.7870370370370371 0.027777777777777776 0.7939814814814815 0.020833333333333332 0.7962962962962963 0.016203703703703703 0.7893518518518519 0.020833333333333332 0.7870370370370371
0 0.33796296296296297 0.2199074074074074 0.3449074074074074 0.2199074074074074 0.3449074074074074 0.22685185185185186 0.3425925925925926 0.22916666666666666 0.33796296296296297 0.22685185185185186 0.33796296296296297 0.2222222222222222
0 0.3449074074074074 0.6689814814814815 0.3472222222222222 0.6712962962962963 0.3449074074074074 0.6759259259259259 0.3402777777777778 0.6759259259259259 0.33796296296296297 0.6736111111111112 0.33796296296296297 0.6712962962962963 0.3425925925925926 0.6689814814814815
0 0.8263888888888888 0.8634259259259259 0.8310185185185185 0.8634259259259259 0.8333333333333334 0.8657407407407407 0.8310185185185185 0.8703703703703703 0.8263888888888888 0.8703703703703703 0.8263888888888888 0.8657407407407407
0 0.8263888888888888 0.47453703703703703 0.8287037037037037 0.47685185185185186 0.8287037037037037 0.48148148148148145 0.8263888888888888 0.4837962962962963 0.8194444444444444 0.4837962962962963 0.8171296296296297 0.4791666666666667 0.8240740740740741 0.47453703703703703
0 0.7164351851851852 0.1597222222222222 0.006944444444444444 0.009259259259259259
0 0.05439814814814815 0.8368055555555556 0.006944444444444444 0.006944444444444444
0 0.9675925925925926 0.5162037037037037 0.9675925925925926 0.5092592592592593 0.9699074074074074 0.5069444444444444 0.9745370370370371 0.5092592592592593 0.9745370370370371 0.5162037037037037 0.9699074074074074 0.5162037037037037
0 0.4074074074074074 0.5682870370370371 0.009259259259259259 0.006944444444444444
0 0.7534722222222222 0.7523148148148148 0.006944444444444444 0.009259259259259259
0 0.6157407407407407 0.22685185185185186 0.009259259259259259 0.009259259259259259
0 0.7326388888888888 0.22685185185185186 0.006944444444444444 0.009259259259259259
0 0.2604166666666667 0.7418981481481481 0.006944444444444444 0.006944444444444444
0 0.23148148148148148 0.9282407407407407 0.2361111111111111 0.9305555555555556 0.2361111111111111 0.9351851851851852 0.2337962962962963 0.9375 0.22916666666666666 0.9375 0.22685185185185186 0.9351851851851852 0.22685185185185186 0.9305555555555556 0.22916666666666666 0.9305555555555556