0 0.024305555555555556 0.35300925925925924 0.011574074074074073 0.011574074074074073
0 0.7800925925925926 0.3148148148148148 0.7893518518518519 0.3148148148148148 0.7916666666666666 0.31712962962962965 0.7916666666666666 0.32407407407407407 0.7893518518518519 0.3263888888888889 0.7777777777777778 0.32407407407407407 0.7777777777777778 0.3194444444444444 0.7800925925925926 0.31712962962962965
0 0.3125 0.4537037037037037 0.31712962962962965 0.4537037037037037 0.32407407407407407 0.4583333333333333 0.32407407407407407 0.46064814814814814 0.3194444444444444 0.46296296296296297 0.3125 0.46296296296296297 0.3101851851851852 0.46064814814814814 0.3125 0.45601851851851855
0 0.10185185185185185 0.7013888888888888 0.1087962962962963 0.7013888888888888 0.1111111111111111 0.7037037037037037 0.1087962962962963 0.7083333333333334 0.10416666666666667 0.7083333333333334 0.10185185185185185 0.7037037037037037
0 0.16898148148148148 0.5416666666666666 0.16898148148148148 0.5347222222222222 0.1712962962962963 0.5324074074074074 0.17824074074074073 0.5370370370370371 0.17592592592592593 0.5416666666666666 0.1712962962962963 0.5416666666666666
0 0.9305555555555556 0.7314814814814815 0.009259259259259259 0.009259259259259259
0 0.5555555555555556 0.36342592592592593 0.009259259259259259 0.009259259259259259
0 0.42824074074074076 0.16782407407407407 0.009259259259259259 0.006944444444444444
0 0.32407407407407407 0.8935185185185185 0.009259259259259259 0.009259259259259259
0 0.9004629629629629 0.5972222222222222 0.9050925925925926 0.5995370370370371 0.9050925925925926 0.6041666666666666 0.8981481481481481 0.6041666666666666 0.8981481481481481 0.5995370370370371
0 0.5092592592592593 0.9340277777777778 0.009259259259259259 0.006944444444444444
0 0.18518518518518517 0.8356481481481481 0.1875 0.8379629629629629 0.1875 0.8449074074074074 0.18287037037037038 0.8472222222222222 0.18055555555555555 0.8449074074074074 0.17592592592592593 0.8449074074074074 0.1736111111111111 0.8402777777777778 0.17824074074074073 0.8333333333333334 0.18287037037037038 0.8356481481481481
0 0.3958333333333333 0.3449074074074074 0.40046296296296297 0.3449074074074074 0.4027777777777778 0.3472222222222222 0.39814814814814814 0.3541666666666667 0.39351851851851855 0.35185185185185186 0.3958333333333333 0.3472222222222222
0 0.1875 0.11342592592592593 0.19675925925925927 0.11574074074074074 0.19675925925925927 0.12268518518518519 0.19212962962962962 0.125 0.18518518518518517 0.12037037037037036 0.1875 0.11574074074074074
0 0.020833333333333332 0.5185185185185185 0.009259259259259259 0.009259259259259259
0 0.9606481481481481 0.8217592592592593 0.9629629629629629 0.8240740740740741 0.9629629629629629 0.8310185185185185 0.9583333333333334 0.8310185185185185 0.9583333333333334 0.8240740740740741
0 0.018518518518518517 0.5787037037037037 0.02546296296296296 0.5740740740740741 0.027777777777777776 0.5763888888888888 0.027777777777777776 0.5810185185185185 0.02546296296296296 0.5833333333333334 0.020833333333333332 0.5810185185185185
0 0.5324074074074074 0.44675925925925924 0.5370370370370371 0.4444444444444444 0.5416666666666666 0.44675925925925924 0.5393518518518519 0.4513888888888889 0.5347222222222222 0.4513888888888889 0.5324074074074074 0.44907407407407407
0 0.2986111111111111 0.013888888888888888 0.30324074074074076 0.011574074074074073 0.3101851851851852 0.013888888888888888 0.3101851851851852 0.020833333333333332 0.30787037037037035 0.023148148148148147 0.2986111111111111 0.023148148148148147 0.2962962962962963 0.018518518518518517 0.2986111111111111 0.016203703703703703
0 0.5879629629629629 0.5023148148148148 0.5879629629629629 0.4976851851851852 0.5902777777777778 0.49537037037037035 0.5972222222222222 0.49537037037037035 0.5995370370370371 0.4976851851851852 0.5949074074074074 0.5046296296296297 0.5902777777777778 0.5023148148148148
0 0.22685185185185186 0.6620370370370371 0.009259259259259259 0.009259259259259259
0 0.4166666666666667 0.3819444444444444 0.41898148148148145 0.38657407407407407 0.41435185185185186 0.39351851851851855 0.4074074074074074 0.3888888888888889 0.4074074074074074 0.38657407407407407 0.41435185185185186 0.3819444444444444
0 0.25462962962962965 0.04861111111111111 0.009259259259259259 0.009259259259259259
0 0.4444444444444444 0.9375 0.44907407407407407 0.9375 0.44907407407407407 0.9444444444444444 0.44675925925925924 0.9467592592592593 0.4444444444444444 0.9444444444444444 0.4444444444444444 0.9398148148148148
0 0.5138888888888888 0.2777777777777778 0.5162037037037037 0.2800925925925926 0.5208333333333334 0.2800925925925926 0.5231481481481481 0.2847222222222222 0.5185185185185185 0.28935185185185186 0.5115740740740741 0.28935185185185186 0.5069444444444444 0.28703703703703703 0.5069444444444444 0.2824074074074074 0.5115740740740741 0.2800925925925926
0 0.6018518518518519 0.46064814814814814 0.009259259259259259 0.009259259259259259