0 0.7592592592592593 0.7106481481481481 0.7592592592592593 0.7037037037037037 0.7615740740740741 0.7013888888888888 0.7685185185185185 0.7013888888888888 0.7708333333333334 0.7037037037037037 0.7708333333333334 0.7106481481481481 0.7615740740740741 0.7106481481481481
0 0.9027777777777778 0.9340277777777778 0.013888888888888888 0.011574074074074073
0 0.9143518518518519 0.40046296296296297 0.9189814814814815 0.4050925925925926 0.9189814814814815 0.41203703703703703 0.9143518518518519 0.4166666666666667 0.9074074074074074 0.4166666666666667 0.9050925925925926 0.41203703703703703 0.9050925925925926 0.4050925925925926 0.9120370370370371 0.40046296296296297
0 0.7430555555555556 0.36342592592592593 0.009259259259259259 0.009259259259259259
0 0.35648148148148145 0.7638888888888888 0.018518518518518517 0.018518518518518517
0 0.6851851851851852 0.42824074074074076 0.6898148148148148 0.42824074074074076 0.6921296296296297 0.4305555555555556 0.6898148148148148 0.4351851851851852 0.6828703703703703 0.4351851851851852 0.6851851851851852 0.4305555555555556
0 0.5578703703703703 0.1388888888888889 0.5625 0.1388888888888889 0.5648148148148148 0.1412037037037037 0.5625 0.14814814814814814 0.5555555555555556 0.14814814814814814 0.5555555555555556 0.14351851851851852 0.5578703703703703 0.1412037037037037
0 0.875 0.016203703703703703 0.8773148148148148 0.020833333333333332 0.8726851851851852 0.02546296296296296 0.8680555555555556 0.023148148148148147 0.8680555555555556 0.018518518518518517 0.8726851851851852 0.016203703703703703
0 0.2013888888888889 0.19907407407407407 0.2037037037037037 0.2013888888888889 0.2037037037037037 0.20601851851851852 0.19444444444444445 0.20601851851851852 0.19444444444444445 0.2013888888888889 0.19907407407407407 0.19907407407407407
0 0.9259259259259259 0.8333333333333334 0.9328703703703703 0.8333333333333334 0.9351851851851852 0.8356481481481481 0.9351851851851852 0.8425925925925926 0.9282407407407407 0.8425925925925926 0.9259259259259259 0.8402777777777778 0.9259259259259259 0.8356481481481481
0 0.25925925925925924 0.8935185185185185 0.2662037037037037 0.8981481481481481 0.2662037037037037 0.9027777777777778 0.2638888888888889 0.9050925925925926 0.2569444444444444 0.9050925925925926 0.25462962962962965 0.9027777777777778 0.25462962962962965 0.8958333333333334 0.2569444444444444 0.8958333333333334
0 0.2037037037037037 0.20601851851851852 0.21064814814814814 0.20601851851851852 0.2152777777777778 0.21064814814814814 0.2152777777777778 0.21296296296296297 0.20833333333333334 0.2175925925925926 0.2037037037037037 0.21296296296296297 0.2037037037037037 0.20833333333333334
0 0.8611111111111112 0.9236111111111112 0.009259259259259259 0.009259259259259259
0 0.48842592592592593 0.3263888888888889 0.4930555555555556 0.3263888888888889 0.49537037037037035 0.3287037037037037 0.49537037037037035 0.3333333333333333 0.49074074074074076 0.3333333333333333 0.48842592592592593 0.3287037037037037
0 0.6944444444444444 0.10185185185185185 0.6990740740740741 0.10185185185185185 0.7013888888888888 0.10416666666666667 0.6990740740740741 0.1087962962962963 0.6944444444444444 0.1087962962962963 0.6944444444444444 0.10416666666666667
0 0.3125 0.7268518518518519 0.31712962962962965 0.7245370370370371 0.32407407407407407 0.7245370370370371 0.3263888888888889 0.7268518518518519 0.3263888888888889 0.7337962962962963 0.32407407407407407 0.7361111111111112 0.3148148148148148 0.7361111111111112 0.3125 0.7337962962962963 0.3125 0.7291666666666666
0 0.7777777777777778 0.5555555555555556 0.7824074074074074 0.5578703703703703 0.7824074074074074 0.5625 0.7754629629629629 0.5671296296296297 0.7708333333333334 0.5625 0.7708333333333334 0.5578703703703703 0.7754629629629629 0.5555555555555556
0 0.37037037037037035 0.7476851851851852 0.375 0.7453703703703703 0.37962962962962965 0.7476851851851852 0.37962962962962965 0.7546296296296297 0.3773148148148148 0.7569444444444444 0.3726851851851852 0.7569444444444444 0.37037037037037035 0.7546296296296297 0.37037037037037035 0.75
0 0.7013888888888888 0.6828703703703703 0.7013888888888888 0.6759259259259259 0.7037037037037037 0.6736111111111112 0.7083333333333334 0.6759259259259259 0.7083333333333334 0.6805555555555556 0.7037037037037037 0.6828703703703703
0 0.3888888888888889 0.08796296296296297 0.39814814814814814 0.08796296296296297 0.39814814814814814 0.09259259259259259 0.3958333333333333 0.09490740740740741 0.3912037037037037 0.09490740740740741 0.3888888888888889 0.09027777777777778
0 0.6481481481481481 0.7129629629629629 0.6574074074074074 0.7199074074074074 0.6574074074074074 0.7291666666666666 0.6550925925925926 0.7337962962962963 0.6481481481481481 0.7384259259259259 0.6412037037037037 0.7384259259259259 0.6365740740740741 0.7337962962962963 0.6342592592592593 0.7222222222222222 0.6412037037037037 0.7152777777777778 0.6458333333333334 0.7152777777777778
0 0.5613425925925926 0.4525462962962963 0.011574074074074073 0.011574074074074073
0 0.0787037037037037 0.13194444444444445 0.08333333333333333 0.12962962962962962 0.08796296296296297 0.13194444444444445 0.08796296296296297 0.1388888888888889 0.08564814814814815 0.1412037037037037 0.0787037037037037 0.1412037037037037 0.0787037037037037 0.13425925925925927
0 0.9814814814814815 0.6064814814814815 0.9814814814814815 0.6157407407407407 0.9791666666666666 0.6180555555555556 0.9745370370370371 0.6157407407407407 0.9745370370370371 0.6087962962962963 0.9791666666666666 0.6064814814814815