0 0.7685185185185185 0.19907407407407407 0.7731481481481481 0.2013888888888889 0.7731481481481481 0.20601851851851852 0.7662037037037037 0.20833333333333334 0.7638888888888888 0.20601851851851852 0.7638888888888888 0.2013888888888889 0.7662037037037037 0.2013888888888889
0 0.4027777777777778 0.4548611111111111 0.009259259259259259 0.006944444444444444
0 0.05787037037037037 0.4722222222222222 0.05787037037037037 0.4675925925925926 0.06018518518518518 0.4652777777777778 0.06712962962962964 0.4699074074074074 0.06481481481481481 0.4722222222222222 0.06018518518518518 0.4722222222222222
0 0.0787037037037037 0.7766203703703703 0.013888888888888888 0.011574074074074073
0 0.7615740740740741 0.8125 0.7685185185185185 0.8125 0.7708333333333334 0.8171296296296297 0.7685185185185185 0.8194444444444444 0.7638888888888888 0.8194444444444444 0.7615740740740741 0.8148148148148148
0 0.3194444444444444 0.6064814814814815 0.3287037037037037 0.6064814814814815 0.3287037037037037 0.6111111111111112 0.3263888888888889 0.6134259259259259 0.3194444444444444 0.6134259259259259 0.3194444444444444 0.6087962962962963
0 0.4444444444444444 0.9675925925925926 0.44907407407407407 0.9745370370370371 0.44675925925925924 0.9791666666666666 0.4375 0.9791666666666666 0.4351851851851852 0.9768518518518519 0.4375 0.9699074074074074 0.44212962962962965 0.9675925925925926
0 0.2337962962962963 0.27662037037037035 0.009259259259259259 0.006944444444444444
0 0.43287037037037035 0.5925925925925926 0.009259259259259259 0.004629629629629629
0 0.4583333333333333 0.06944444444444445 0.46296296296296297 0.0763888888888889 0.46296296296296297 0.08101851851851852 0.46064814814814814 0.08333333333333333 0.4513888888888889 0.08333333333333333 0.4513888888888889 0.07407407407407407 0.45601851851851855 0.07175925925925926
0 0.08333333333333333 0.6736111111111112 0.08564814814814815 0.6759259259259259 0.08564814814814815 0.6805555555555556 0.0787037037037037 0.6805555555555556 0.0763888888888889 0.6782407407407407 0.0763888888888889 0.6759259259259259 0.08101851851851852 0.6736111111111112
0 0.14814814814814814 0.47800925925925924 0.013888888888888888 0.011574074074074073
0 0.0625 0.8101851851851852 0.06944444444444445 0.8101851851851852 0.06944444444444445 0.8148148148148148 0.0625 0.8148148148148148 0.0625 0.8125
0 0.8472222222222222 0.7372685185185185 0.009259259259259259 0.011574074074074073
0 0.5914351851851852 0.6145833333333334 0.011574074074074073 0.006944444444444444
0 0.4375 0.4074074074074074 0.4375 0.4166666666666667 0.4305555555555556 0.4166666666666667 0.42824074074074076 0.41435185185185186 0.42824074074074076 0.4097222222222222 0.4351851851851852 0.4074074074074074
0 0.36342592592592593 0.032407407407407406 0.36574074074074076 0.03009259259259259 0.3726851851851852 0.03009259259259259 0.3726851851851852 0.034722222222222224 0.37037037037037035 0.037037037037037035 0.36574074074074076 0.037037037037037035 0.36574074074074076 0.034722222222222224
0 0.4027777777777778 0.9259259259259259 0.4050925925925926 0.9282407407407407 0.4050925925925926 0.9351851851851852 0.39814814814814814 0.9351851851851852 0.3958333333333333 0.9328703703703703 0.3958333333333333 0.9282407407407407 0.40046296296296297 0.9259259259259259
0 0.14583333333333334 0.18287037037037038 0.1550925925925926 0.18287037037037038 0.1574074074074074 0.18518518518518517 0.1550925925925926 0.19444444444444445 0.14814814814814814 0.19212962962962962 0.14583333333333334 0.18981481481481483 0.14583333333333334 0.18518518518518517
0 0.7986111111111112 0.5949074074074074 0.009259259259259259 0.009259259259259259
0 0.3148148148148148 0.9513888888888888 0.3148148148148148 0.9606481481481481 0.3101851851851852 0.9629629629629629 0.30324074074074076 0.9606481481481481 0.30324074074074076 0.9560185185185185 0.30092592592592593 0.9537037037037037 0.30787037037037035 0.9490740740740741 0.3125 0.9513888888888888
0 0.8738425925925926 0.6840277777777778 0.006944444444444444 0.006944444444444444