0 0.8321759259259259 0.21875 0.006944444444444444 0.006944444444444444
0 0.4444444444444444 0.5682870370370371 0.009259259259259259 0.006944444444444444
0 0.21296296296296297 0.7314814814814815 0.2175925925925926 0.7314814814814815 0.2199074074074074 0.7337962962962963 0.2199074074074074 0.7384259259259259 0.2175925925925926 0.7407407407407407 0.21296296296296297 0.7384259259259259 0.21296296296296297 0.7337962962962963
0 0.7488425925925926 0.1550925925925926 0.006944444444444444 0.009259259259259259
0 0.6701388888888888 0.2743055555555556 0.006944444444444444 0.006944444444444444
0 0.07175925925925926 0.25925925925925924 0.009259259259259259 0.009259259259259259
0 0.5034722222222222 0.28587962962962965 0.006944444444444444 0.006944444444444444
0 0.5474537037037037 0.18981481481481483 0.006944444444444444 0.009259259259259259
0 0.1261574074074074 0.06597222222222222 0.006944444444444444 0.006944444444444444
0 0.7685185185185185 0.49189814814814814 0.009259259259259259 0.006944444444444444
0 0.9675925925925926 0.9490740740740741 0.9675925925925926 0.9560185185185185 0.9629629629629629 0.9583333333333334 0.9583333333333334 0.9560185185185185 0.9583333333333334 0.9490740740740741 0.9606481481481481 0.9467592592592593 0.9652777777777778 0.9490740740740741
0 0.4131944444444444 0.9085648148148148 0.006944444444444444 0.006944444444444444
0 0.05324074074074074 0.6018518518518519 0.06018518518518518 0.6018518518518519 0.06018518518518518 0.6087962962962963 0.05324074074074074 0.6087962962962963 0.05324074074074074 0.6041666666666666
0 0.1875 0.10300925925925926 0.009259259259259259 0.006944444444444444
0 0.05324074074074074 0.7708333333333334 0.004629629629629629 0.004629629629629629
0 0.31712962962962965 0.29976851851851855 0.009259259259259259 0.006944444444444444
0 0.42476851851851855 0.48032407407407407 0.006944444444444444 0.006944444444444444
0 0.9421296296296297 0.5671296296296297 0.009259259259259259 0.009259259259259259
0 0.3020833333333333 0.7997685185185185 0.011574074074074073 0.011574074074074073
0 0.3020833333333333 0.2349537037037037 0.006944444444444444 0.006944444444444444
0 0.2199074074074074 0.7615740740740741 0.22453703703703703 0.7615740740740741 0.22685185185185186 0.7638888888888888 0.22685185185185186 0.7685185185185185 0.2199074074074074 0.7685185185185185 0.2199074074074074 0.7638888888888888
0 0.5185185185185185 0.1284722222222222 0.009259259259259259 0.006944444444444444
0 0.18981481481481483 0.35648148148148145 0.009259259259259259 0.009259259259259259
0 0.5335648148148148 0.2743055555555556 0.006944444444444444 0.006944444444444444
0 0.7002314814814815 0.09606481481481481 0.006944444444444444 0.006944444444444444
0 0.1724537037037037 0.5451388888888888 0.006944444444444444 0.006944444444444444
0 0.1284722222222222 0.6423611111111112 0.006944444444444444 0.006944444444444444
0 0.8518518518518519 0.19328703703703703 0.009259259259259259 0.011574074074074073
0 0.3680555555555556 0.16898148148148148 0.009259259259259259 0.009259259259259259
0 0.4837962962962963 0.8796296296296297 0.4791666666666667 0.8726851851851852 0.48148148148148145 0.8703703703703703 0.48842592592592593 0.8703703703703703 0.48842592592592593 0.8773148148148148 0.4861111111111111 0.8773148148148148
0 0.09837962962962964 0.06828703703703703 0.006944444444444444 0.006944444444444444
0 0.5578703703703703 0.9004629629629629 0.5648148148148148 0.9004629629629629 0.5671296296296297 0.9027777777777778 0.5648148148148148 0.9074074074074074 0.5578703703703703 0.9074074074074074 0.5578703703703703 0.9027777777777778
0 0.65625 0.1736111111111111 0.006944444444444444 0.009259259259259259
0 0.14814814814814814 0.8564814814814815 0.1574074074074074 0.8564814814814815 0.1597222222222222 0.8587962962962963 0.1597222222222222 0.8634259259259259 0.1550925925925926 0.8680555555555556 0.14814814814814814 0.8634259259259259 0.14814814814814814 0.8587962962962963
0 0.7939814814814815 0.3993055555555556 0.009259259259259259 0.006944444444444444