0 0.8912037037037037 0.21064814814814814 0.8912037037037037 0.2037037037037037 0.8935185185185185 0.2013888888888889 0.8981481481481481 0.2037037037037037 0.8981481481481481 0.21064814814814814 0.8935185185185185 0.21064814814814814
0 0.6412037037037037 0.5578703703703703 0.6435185185185185 0.5601851851851852 0.6412037037037037 0.5648148148148148 0.6365740740740741 0.5648148148148148 0.6342592592592593 0.5625 0.6342592592592593 0.5601851851851852 0.6388888888888888 0.5578703703703703
0 0.5972222222222222 0.46064814814814814 0.009259259259259259 0.009259259259259259
0 0.875 0 0.8935185185185185 0 0.8935185185185185 0.004629629629629629 0.8865740740740741 0.009259259259259259 0.8819444444444444 0.009259259259259259 0.875 0.004629629629629629 0.875 0.0023148148148148147
0 0.7361111111111112 0.7777777777777778 0.013888888888888888 0.018518518518518517
0 0.8634259259259259 0.6342592592592593 0.8680555555555556 0.6342592592592593 0.8703703703703703 0.6365740740740741 0.8703703703703703 0.6412037037037037 0.8680555555555556 0.6435185185185185 0.8634259259259259 0.6435185185185185 0.8634259259259259 0.6365740740740741
0 0.037037037037037035 0.6666666666666666 0.009259259259259259 0.009259259259259259
0 0.4837962962962963 0.6018518518518519 0.48842592592592593 0.6064814814814815 0.48842592592592593 0.6111111111111112 0.48148148148148145 0.6157407407407407 0.47685185185185186 0.6111111111111112 0.47685185185185186 0.6064814814814815 0.48148148148148145 0.6041666666666666
0 0.5601851851851852 0.5891203703703703 0.009259259259259259 0.011574074074074073
0 0.009259259259259259 0.8379629629629629 0.016203703703703703 0.8379629629629629 0.018518518518518517 0.8425925925925926 0.018518518518518517 0.8449074074074074 0.011574074074074073 0.8472222222222222 0.006944444444444444 0.8449074074074074 0.009259259259259259 0.8402777777777778
0 0.13541666666666666 0.5127314814814815 0.006944444444444444 0.006944444444444444
0 0.9120370370370371 0.7638888888888888 0.9166666666666666 0.7708333333333334 0.9120370370370371 0.7754629629629629 0.9074074074074074 0.7731481481481481 0.9074074074074074 0.7685185185185185 0.9097222222222222 0.7662037037037037
0 0.6388888888888888 0.6550925925925926 0.6388888888888888 0.6620370370370371 0.6342592592592593 0.6620370370370371 0.6319444444444444 0.6597222222222222 0.6319444444444444 0.6574074074074074 0.6365740740740741 0.6550925925925926
0 0.6689814814814815 0.8819444444444444 0.6712962962962963 0.8842592592592593 0.6712962962962963 0.8935185185185185 0.6643518518518519 0.8935185185185185 0.6620370370370371 0.8888888888888888 0.6620370370370371 0.8842592592592593 0.6666666666666666 0.8819444444444444
0 0.5023148148148148 0.3113425925925926 0.009259259259259259 0.006944444444444444
0 0.32407407407407407 0.6342592592592593 0.3263888888888889 0.6388888888888888 0.32407407407407407 0.6458333333333334 0.3194444444444444 0.6458333333333334 0.31712962962962965 0.6435185185185185 0.31712962962962965 0.6365740740740741 0.32175925925925924 0.6342592592592593
0 0.7291666666666666 0.5162037037037037 0.7361111111111112 0.5162037037037037 0.7384259259259259 0.5185185185185185 0.7384259259259259 0.5277777777777778 0.7361111111111112 0.5300925925925926 0.7291666666666666 0.5300925925925926 0.7268518518518519 0.5277777777777778 0.7268518518518519 0.5208333333333334 0.7291666666666666 0.5185185185185185
0 0.39814814814814814 0.16898148148148148 0.4027777777777778 0.16898148148148148 0.4050925925925926 0.1712962962962963 0.40046296296296297 0.17824074074074073 0.3958333333333333 0.17592592592592593 0.39814814814814814 0.1712962962962963
0 0.5567129629629629 0.023148148148148147 0.011574074074074073 0.009259259259259259
0 0.7847222222222222 0.8703703703703703 0.013888888888888888 0.013888888888888888
0 0.5069444444444444 0.8819444444444444 0.5115740740740741 0.8842592592592593 0.5115740740740741 0.8912037037037037 0.5069444444444444 0.8888888888888888 0.5069444444444444 0.8842592592592593
0 0.7199074074074074 0.3587962962962963 0.7222222222222222 0.3611111111111111 0.7222222222222222 0.3680555555555556 0.7152777777777778 0.3680555555555556 0.7129629629629629 0.36574074074074076 0.7129629629629629 0.36342592592592593 0.7175925925925926 0.3611111111111111
0 0.6944444444444444 0.9444444444444444 0.7013888888888888 0.9444444444444444 0.7013888888888888 0.9490740740740741 0.6990740740740741 0.9513888888888888 0.6944444444444444 0.9490740740740741 0.6944444444444444 0.9467592592592593
0 0.7152777777777778 0.1840277777777778 0.009259259259259259 0.006944444444444444
0 0.8125 0.1875 0.8171296296296297 0.1875 0.8171296296296297 0.19675925925925927 0.8125 0.19675925925925927 0.8125 0.18981481481481483
0 0.2152777777777778 0.8703703703703703 0.2175925925925926 0.8726851851851852 0.2175925925925926 0.8773148148148148 0.2152777777777778 0.8796296296296297 0.21064814814814814 0.8796296296296297 0.20833333333333334 0.8773148148148148 0.20833333333333334 0.8726851851851852 0.21296296296296297 0.8703703703703703