0 0.5324074074074074 0.20601851851851852 0.5370370370370371 0.20601851851851852 0.5393518518518519 0.20833333333333334 0.5370370370370371 0.21296296296296297 0.5324074074074074 0.21296296296296297 0.5324074074074074 0.20833333333333334
0 0.8009259259259259 0.6643518518518519 0.8078703703703703 0.6643518518518519 0.8125 0.6712962962962963 0.8078703703703703 0.6782407407407407 0.8032407407407407 0.6782407407407407 0.7986111111111112 0.6736111111111112 0.7986111111111112 0.6689814814814815 0.8009259259259259 0.6666666666666666
0 0.7523148148148148 0.06712962962962964 0.7546296296296297 0.06944444444444445 0.7546296296296297 0.07407407407407407 0.7453703703703703 0.07407407407407407 0.7453703703703703 0.06944444444444445 0.75 0.06712962962962964
0 0.023148148148148147 0.8356481481481481 0.027777777777777776 0.8402777777777778 0.023148148148148147 0.8472222222222222 0.018518518518518517 0.8472222222222222 0.016203703703703703 0.8449074074074074 0.016203703703703703 0.8379629629629629 0.020833333333333332 0.8356481481481481
0 0.9282407407407407 0.8240740740740741 0.9282407407407407 0.8194444444444444 0.9328703703703703 0.8148148148148148 0.9398148148148148 0.8194444444444444 0.9398148148148148 0.8240740740740741 0.9351851851851852 0.8287037037037037 0.9328703703703703 0.8287037037037037 0.9305555555555556 0.8240740740740741
0 0.13425925925925927 0.05324074074074074 0.14351851851851852 0.06018518518518518 0.14351851851851852 0.06481481481481481 0.1412037037037037 0.06712962962962964 0.13194444444444445 0.06712962962962964 0.12962962962962962 0.0625 0.12962962962962962 0.05787037037037037 0.13194444444444445 0.05555555555555555
0 0.4305555555555556 0.8263888888888888 0.4351851851851852 0.8310185185185185 0.4351851851851852 0.8356481481481481 0.4305555555555556 0.8402777777777778 0.42592592592592593 0.8379629629629629 0.4236111111111111 0.8356481481481481 0.4236111111111111 0.8310185185185185 0.42824074074074076 0.8287037037037037
0 0.12731481481481483 0.5254629629629629 0.125 0.5231481481481481 0.125 0.5185185185185185 0.12962962962962962 0.5162037037037037 0.13194444444444445 0.5185185185185185 0.13194444444444445 0.5231481481481481 0.12962962962962962 0.5231481481481481
0 0.4050925925925926 0.20601851851851852 0.4097222222222222 0.20833333333333334 0.4097222222222222 0.21296296296296297 0.4050925925925926 0.2152777777777778 0.40046296296296297 0.21296296296296297 0.40046296296296297 0.20833333333333334 0.4027777777777778 0.20833333333333334
0 0.09490740740740741 0.5046296296296297 0.10185185185185185 0.5046296296296297 0.10416666666666667 0.5069444444444444 0.10416666666666667 0.5138888888888888 0.09953703703703703 0.5162037037037037 0.09490740740740741 0.5138888888888888 0.09490740740740741 0.5069444444444444
0 0.5763888888888888 0.9293981481481481 0.009259259259259259 0.006944444444444444
0 0.5648148148148148 0.1087962962962963 0.5694444444444444 0.10416666666666667 0.5763888888888888 0.10416666666666667 0.5810185185185185 0.1111111111111111 0.5763888888888888 0.11342592592592593 0.5671296296296297 0.1111111111111111
0 0.6620370370370371 0.4027777777777778 0.009259259259259259 0.009259259259259259