0 0.4537037037037037 0.6597222222222222 0.46064814814814814 0.6597222222222222 0.46296296296296297 0.6643518518518519 0.45601851851851855 0.6689814814814815 0.4537037037037037 0.6666666666666666 0.4537037037037037 0.6620370370370371
0 0.1574074074074074 0.7858796296296297 0.009259259259259259 0.006944444444444444
0 0.6620370370370371 0.3055555555555556 0.009259259259259259 0.009259259259259259
0 0.35532407407407407 0.9560185185185185 0.006944444444444444 0.009259259259259259
0 0.5578703703703703 0.4375 0.5625 0.4375 0.5625 0.4444444444444444 0.5578703703703703 0.4444444444444444 0.5578703703703703 0.4398148148148148
0 0.027777777777777776 0.2824074074074074 0.03009259259259259 0.28703703703703703 0.02546296296296296 0.29398148148148145 0.020833333333333332 0.29398148148148145 0.018518518518518517 0.2916666666666667 0.018518518518518517 0.2847222222222222 0.02546296296296296 0.2824074074074074
0 0.4618055555555556 0.5925925925925926 0.006944444444444444 0.009259259259259259
0 0.8125 0.3263888888888889 0.8171296296296297 0.3263888888888889 0.8194444444444444 0.3287037037037037 0.8194444444444444 0.33564814814814814 0.8125 0.33564814814814814 0.8101851851851852 0.33101851851851855 0.8125 0.3287037037037037
0 0.01273148148148148 0.5185185185185185 0.006944444444444444 0.009259259259259259
0 0.6203703703703703 0.4699074074074074 0.009259259259259259 0.009259259259259259
0 0.4212962962962963 0.046296296296296294 0.42824074074074076 0.046296296296296294 0.42824074074074076 0.05092592592592592 0.42592592592592593 0.05324074074074074 0.4236111111111111 0.05324074074074074 0.4212962962962963 0.04861111111111111
0 0.11805555555555555 0.8148148148148148 0.009259259259259259 0.009259259259259259
0 0.9583333333333334 0.5601851851851852 0.009259259259259259 0.009259259259259259
0 0.2708333333333333 0.16898148148148148 0.009259259259259259 0.009259259259259259
0 0.1574074074074074 0.11574074074074074 0.16203703703703703 0.11574074074074074 0.16435185185185186 0.11805555555555555 0.16203703703703703 0.12268518518518519 0.1574074074074074 0.12268518518518519 0.1574074074074074 0.11805555555555555
0 0.4664351851851852 0.09837962962962964 0.006944444444444444 0.006944444444444444
0 0.09490740740740741 0.3449074074074074 0.10185185185185185 0.3402777777777778 0.10416666666666667 0.3425925925925926 0.10416666666666667 0.3472222222222222 0.10185185185185185 0.34953703703703703 0.09722222222222222 0.34953703703703703 0.09722222222222222 0.3472222222222222
0 0.3229166666666667 0.8483796296296297 0.006944444444444444 0.006944444444444444
0 0.6481481481481481 0.5162037037037037 0.6481481481481481 0.5231481481481481 0.6458333333333334 0.5254629629629629 0.6388888888888888 0.5254629629629629 0.6365740740740741 0.5231481481481481 0.6365740740740741 0.5185185185185185 0.6412037037037037 0.5138888888888888 0.6458333333333334 0.5162037037037037
0 0.27199074074074076 0.37962962962962965 0.006944444444444444 0.009259259259259259
0 0.4050925925925926 0.8229166666666666 0.009259259259259259 0.006944444444444444
0 0.21296296296296297 0.6458333333333334 0.2152777777777778 0.6481481481481481 0.21296296296296297 0.6550925925925926 0.20601851851851852 0.6550925925925926 0.20601851851851852 0.6481481481481481 0.21064814814814814 0.6458333333333334
0 0.06597222222222222 0.4212962962962963 0.006944444444444444 0.009259259259259259
0 0.5625 0.7824074074074074 0.5694444444444444 0.7824074074074074 0.5694444444444444 0.7870370370370371 0.5625 0.7870370370370371 0.5625 0.7847222222222222
0 0.2534722222222222 0.9409722222222222 0.006944444444444444 0.006944444444444444
0 0.3275462962962963 0.9247685185185185 0.006944444444444444 0.006944444444444444