0 0.9189814814814815 0.15393518518518517 0.009259259259259259 0.006944444444444444
0 0.42824074074074076 0.9398148148148148 0.4351851851851852 0.9375 0.4398148148148148 0.9421296296296297 0.4375 0.9490740740740741 0.42824074074074076 0.9490740740740741 0.42824074074074076 0.9421296296296297
0 0.48726851851851855 0.40046296296296297 0.006944444444444444 0.009259259259259259
0 0.8912037037037037 0.03009259259259259 0.009259259259259259 0.009259259259259259
0 0.8472222222222222 0.8032407407407407 0.8518518518518519 0.8032407407407407 0.8541666666666666 0.8055555555555556 0.8518518518518519 0.8101851851851852 0.8472222222222222 0.8101851851851852 0.8472222222222222 0.8055555555555556
0 0.25462962962962965 0.4097222222222222 0.25462962962962965 0.4166666666666667 0.24768518518518517 0.4166666666666667 0.24768518518518517 0.41203703703703703 0.2523148148148148 0.4097222222222222
0 0.30439814814814814 0.24305555555555555 0.006944444444444444 0.009259259259259259
0 0.9629629629629629 0.7291666666666666 0.9652777777777778 0.7314814814814815 0.9652777777777778 0.7361111111111112 0.9606481481481481 0.7407407407407407 0.9560185185185185 0.7384259259259259 0.9560185185185185 0.7314814814814815 0.9606481481481481 0.7291666666666666
0 0.30092592592592593 0.8819444444444444 0.009259259259259259 0.009259259259259259
0 0.5613425925925926 0.8634259259259259 0.006944444444444444 0.009259259259259259
0 0.7268518518518519 0.8923611111111112 0.009259259259259259 0.006944444444444444
0 0.11574074074074074 0.8773148148148148 0.11574074074074074 0.8842592592592593 0.1111111111111111 0.8865740740740741 0.10648148148148148 0.8842592592592593 0.10648148148148148 0.8773148148148148 0.1087962962962963 0.875 0.11342592592592593 0.8773148148148148
0 0.45717592592592593 0.8402777777777778 0.011574074074074073 0.009259259259259259
0 0.2523148148148148 0.3125 0.25925925925925924 0.3125 0.26157407407407407 0.3148148148148148 0.26157407407407407 0.3194444444444444 0.25925925925925924 0.32175925925925924 0.2523148148148148 0.32175925925925924 0.25 0.31712962962962965 0.2523148148148148 0.3148148148148148
0 0.3020833333333333 0.6921296296296297 0.006944444444444444 0.009259259259259259
0 0.7106481481481481 0.6145833333333334 0.018518518518518517 0.016203703703703703
0 0.5011574074074074 0.35300925925925924 0.011574074074074073 0.006944444444444444
0 0.3159722222222222 0.16087962962962962 0.006944444444444444 0.011574074074074073
0 0.20717592592592593 0.06597222222222222 0.006944444444444444 0.006944444444444444
0 0.4976851851851852 0.49537037037037035 0.5046296296296297 0.49537037037037035 0.5046296296296297 0.5 0.5023148148148148 0.5023148148148148 0.4976851851851852 0.5023148148148148 0.4976851851851852 0.4976851851851852
0 0.7152777777777778 0.017361111111111112 0.009259259259259259 0.006944444444444444
0 0.8171296296296297 0.1087962962962963 0.8217592592592593 0.11342592592592593 0.8217592592592593 0.11805555555555555 0.8148148148148148 0.12037037037037036 0.8125 0.11805555555555555 0.8125 0.11342592592592593 0.8148148148148148 0.1111111111111111
0 0.78125 0.056712962962962965 0.006944444444444444 0.006944444444444444
0 0.3425925925925926 0.4074074074074074 0.009259259259259259 0.013888888888888888