0 0.8958333333333334 0.09722222222222222 0.9027777777777778 0.09490740740740741 0.9120370370370371 0.10185185185185185 0.9097222222222222 0.1087962962962963 0.9050925925925926 0.11342592592592593 0.9004629629629629 0.11342592592592593 0.8958333333333334 0.1111111111111111 0.8935185185185185 0.10648148148148148 0.8958333333333334 0.09953703703703703
0 0.5682870370370371 0.6990740740740741 0.011574074074074073 0.009259259259259259
0 0.5856481481481481 0.30787037037037035 0.5949074074074074 0.3148148148148148 0.5856481481481481 0.3194444444444444 0.5833333333333334 0.31712962962962965 0.5833333333333334 0.3101851851851852
0 0.6921296296296297 0.5694444444444444 0.009259259259259259 0.009259259259259259
0 0.9537037037037037 0.08796296296296297 0.9606481481481481 0.08796296296296297 0.9629629629629629 0.09259259259259259 0.9606481481481481 0.09490740740740741 0.9537037037037037 0.09490740740740741 0.9513888888888888 0.09259259259259259 0.9537037037037037 0.09027777777777778
0 0.8101851851851852 0.037037037037037035 0.8125 0.03935185185185185 0.8101851851851852 0.046296296296296294 0.8055555555555556 0.046296296296296294 0.8032407407407407 0.04398148148148148 0.8032407407407407 0.03935185185185185 0.8078703703703703 0.037037037037037035
0 0.7638888888888888 0.7071759259259259 0.009259259259259259 0.006944444444444444
0 0.8912037037037037 0.5185185185185185 0.8981481481481481 0.5185185185185185 0.8981481481481481 0.5231481481481481 0.8912037037037037 0.5231481481481481 0.8912037037037037 0.5208333333333334
0 0.8379629629629629 0.24768518518518517 0.8379629629629629 0.24074074074074073 0.8402777777777778 0.23842592592592593 0.8449074074074074 0.24074074074074073 0.8449074074074074 0.24768518518518517 0.8402777777777778 0.24768518518518517
0 0.27546296296296297 0.5775462962962963 0.009259259259259259 0.011574074074074073
0 0.2013888888888889 0.16898148148148148 0.2037037037037037 0.1712962962962963 0.2037037037037037 0.17824074074074073 0.19907407407407407 0.18055555555555555 0.19444444444444445 0.17592592592592593 0.19444444444444445 0.1712962962962963 0.19907407407407407 0.16898148148148148
0 0.6550925925925926 0.3958333333333333 0.6620370370370371 0.40046296296296297 0.6620370370370371 0.4074074074074074 0.6527777777777778 0.4097222222222222 0.6481481481481481 0.4050925925925926 0.6504629629629629 0.4027777777777778 0.6504629629629629 0.39814814814814814 0.6527777777777778 0.39814814814814814
0 0.5324074074074074 0.2222222222222222 0.5370370370370371 0.2222222222222222 0.5393518518518519 0.22685185185185186 0.5393518518518519 0.23148148148148148 0.5347222222222222 0.23148148148148148 0.5324074074074074 0.22453703703703703
0 0.8101851851851852 0.6458333333333334 0.8101851851851852 0.6527777777777778 0.8055555555555556 0.6527777777777778 0.8032407407407407 0.6504629629629629 0.8032407407407407 0.6481481481481481 0.8078703703703703 0.6458333333333334
0 0.05787037037037037 0.8668981481481481 0.009259259259259259 0.006944444444444444
0 0.9131944444444444 0.6597222222222222 0.016203703703703703 0.013888888888888888
0 0.2638888888888889 0.6875 0.26851851851851855 0.6851851851851852 0.27546296296296297 0.6875 0.27546296296296297 0.6944444444444444 0.27314814814814814 0.6967592592592593 0.26851851851851855 0.6967592592592593 0.2638888888888889 0.6898148148148148
0 0.5671296296296297 0.8530092592592593 0.009259259259259259 0.006944444444444444
0 0.18287037037037038 0.8356481481481481 0.18518518518518517 0.8379629629629629 0.18518518518518517 0.8449074074074074 0.18055555555555555 0.8495370370370371 0.17824074074074073 0.8495370370370371 0.1736111111111111 0.8425925925925926 0.1736111111111111 0.8402777777777778 0.18055555555555555 0.8356481481481481
0 0.24768518518518517 0.27546296296296297 0.25462962962962965 0.27546296296296297 0.25462962962962965 0.2800925925925926 0.2523148148148148 0.2824074074074074 0.24537037037037038 0.2800925925925926 0.24768518518518517 0.2777777777777778
0 0.7106481481481481 0.9513888888888888 0.7222222222222222 0.9513888888888888 0.7199074074074074 0.9560185185185185 0.7129629629629629 0.9560185185185185 0.7129629629629629 0.9537037037037037
0 0.5532407407407407 0.4398148148148148 0.5532407407407407 0.4351851851851852 0.5555555555555556 0.43287037037037035 0.5601851851851852 0.4351851851851852 0.5601851851851852 0.4398148148148148 0.5555555555555556 0.4398148148148148
0 0.15046296296296297 0.18287037037037038 0.1597222222222222 0.18287037037037038 0.16203703703703703 0.18518518518518517 0.1574074074074074 0.19212962962962962 0.1550925925925926 0.19212962962962962 0.15046296296296297 0.18518518518518517
0 0.8287037037037037 0.5162037037037037 0.8333333333333334 0.5162037037037037 0.8356481481481481 0.5185185185185185 0.8333333333333334 0.5231481481481481 0.8287037037037037 0.5231481481481481 0.8287037037037037 0.5185185185185185
0 0.22916666666666666 0.35648148148148145 0.009259259259259259 0.009259259259259259
0 0.0763888888888889 0.6504629629629629 0.08333333333333333 0.6504629629629629 0.08564814814814815 0.6527777777777778 0.08564814814814815 0.6574074074074074 0.08101851851851852 0.6597222222222222 0.0763888888888889 0.6527777777777778
0 0.9490740740740741 0.1863425925925926 0.009259259259259259 0.006944444444444444
0 0.8796296296296297 0.39351851851851855 0.8819444444444444 0.3888888888888889 0.8935185185185185 0.3888888888888889 0.8935185185185185 0.39351851851851855 0.8888888888888888 0.39351851851851855 0.8865740740740741 0.3958333333333333 0.8819444444444444 0.39351851851851855
0 0.41203703703703703 0.2175925925925926 0.013888888888888888 0.013888888888888888
0 0.7222222222222222 0.9108796296296297 0.009259259259259259 0.006944444444444444
0 0.16898148148148148 0.7777777777777778 0.1736111111111111 0.7777777777777778 0.17592592592592593 0.7824074074074074 0.17592592592592593 0.7870370370370371 0.1712962962962963 0.7893518518518519 0.16666666666666666 0.7847222222222222 0.16898148148148148 0.7800925925925926
0 0.5648148148148148 0.3819444444444444 0.5671296296296297 0.38657407407407407 0.5648148148148148 0.3912037037037037 0.5601851851851852 0.3912037037037037 0.5578703703703703 0.38657407407407407 0.5578703703703703 0.38425925925925924 0.5625 0.3819444444444444
0 0.5439814814814815 0.6018518518518519 0.5486111111111112 0.6018518518518519 0.5486111111111112 0.6087962962962963 0.5439814814814815 0.6087962962962963 0.5439814814814815 0.6041666666666666
0 0.5462962962962963 0.8067129629629629 0.009259259259259259 0.011574074074074073
0 0.5474537037037037 0.7314814814814815 0.016203703703703703 0.013888888888888888
0 0.06712962962962964 0.0787037037037037 0.06944444444444445 0.08333333333333333 0.06481481481481481 0.08796296296296297 0.06018518518518518 0.08564814814814815 0.06018518518518518 0.08101851851851852 0.06481481481481481 0.0787037037037037
0 0.5949074074074074 0.2152777777777778 0.5995370370370371 0.2175925925925926 0.5995370370370371 0.22453703703703703 0.5949074074074074 0.22453703703703703 0.5949074074074074 0.2175925925925926
0 0.7569444444444444 0.41203703703703703 0.7569444444444444 0.4074074074074074 0.7592592592592593 0.4050925925925926 0.7662037037037037 0.4050925925925926 0.7685185185185185 0.4074074074074074 0.7662037037037037 0.41203703703703703 0.7592592592592593 0.41203703703703703
0 0.6527777777777778 0.08333333333333333 0.6574074074074074 0.08101851851851852 0.6620370370370371 0.08333333333333333 0.6597222222222222 0.08796296296296297 0.6527777777777778 0.08564814814814815