0 0.19212962962962962 0.9421296296296297 0.19675925925925927 0.9421296296296297 0.19907407407407407 0.9444444444444444 0.19907407407407407 0.9490740740740741 0.19444444444444445 0.9490740740740741 0.19212962962962962 0.9444444444444444
0 0.34953703703703703 0.9791666666666666 0.009259259259259259 0.009259259259259259
0 0.08564814814814815 0.41203703703703703 0.08564814814814815 0.41898148148148145 0.08101851851851852 0.41898148148148145 0.0787037037037037 0.4166666666666667 0.0787037037037037 0.41435185185185186 0.08333333333333333 0.41435185185185186
0 0.2013888888888889 0.24074074074074073 0.013888888888888888 0.009259259259259259
0 0.6643518518518519 0.2800925925925926 0.6689814814814815 0.2800925925925926 0.6712962962962963 0.2824074074074074 0.6689814814814815 0.28703703703703703 0.6643518518518519 0.28703703703703703 0.6643518518518519 0.2824074074074074
0 0.020833333333333332 0.5532407407407407 0.009259259259259259 0.009259259259259259
0 0.13425925925925927 0.07291666666666667 0.009259259259259259 0.011574074074074073
0 0.9456018518518519 0.5023148148148148 0.006944444444444444 0.009259259259259259
0 0.6365740740740741 0.9502314814814815 0.009259259259259259 0.011574074074074073
0 0.13425925925925927 0.8148148148148148 0.13657407407407407 0.8194444444444444 0.13425925925925927 0.8240740740740741 0.125 0.8240740740740741 0.12268518518518519 0.8217592592592593 0.12268518518518519 0.8171296296296297 0.125 0.8148148148148148 0.13194444444444445 0.8148148148148148
0 0.18981481481481483 0.30092592592592593 0.19212962962962962 0.30324074074074076 0.19212962962962962 0.30787037037037035 0.18981481481481483 0.3101851851851852 0.18287037037037038 0.30787037037037035 0.18287037037037038 0.30324074074074076 0.1875 0.30092592592592593
0 0.2962962962962963 0.8379629629629629 0.30092592592592593 0.8379629629629629 0.3055555555555556 0.8425925925925926 0.3055555555555556 0.8449074074074074 0.2986111111111111 0.8472222222222222 0.2962962962962963 0.8449074074074074 0.2962962962962963 0.8402777777777778
0 0.7708333333333334 0.9108796296296297 0.009259259259259259 0.006944444444444444
0 0.1736111111111111 0.6134259259259259 0.1736111111111111 0.6203703703703703 0.16898148148148148 0.6226851851851852 0.16666666666666666 0.6203703703703703 0.16666666666666666 0.6157407407407407 0.1712962962962963 0.6134259259259259
0 0.2337962962962963 0.09490740740740741 0.2361111111111111 0.09722222222222222 0.2361111111111111 0.10185185185185185 0.2337962962962963 0.10416666666666667 0.22685185185185186 0.10416666666666667 0.22685185185185186 0.09722222222222222 0.23148148148148148 0.09490740740740741
0 0.9560185185185185 0.3726851851851852 0.9629629629629629 0.3726851851851852 0.9629629629629629 0.37962962962962965 0.9583333333333334 0.37962962962962965 0.9560185185185185 0.375
0 0.49537037037037035 0.8518518518518519 0.5069444444444444 0.8518518518518519 0.5046296296296297 0.8611111111111112 0.49537037037037035 0.8611111111111112 0.49537037037037035 0.8541666666666666
0 0.44212962962962965 0.9375 0.44907407407407407 0.9375 0.4513888888888889 0.9398148148148148 0.4513888888888889 0.9444444444444444 0.44907407407407407 0.9467592592592593 0.4444444444444444 0.9467592592592593 0.44212962962962965 0.9444444444444444 0.44212962962962965 0.9398148148148148
0 0.04398148148148148 0.09953703703703703 0.05092592592592592 0.09490740740740741 0.05555555555555555 0.10185185185185185 0.05092592592592592 0.10416666666666667 0.046296296296296294 0.10185185185185185
0 0.4537037037037037 0.2638888888888889 0.4537037037037037 0.26851851851851855 0.4513888888888889 0.2708333333333333 0.4444444444444444 0.2708333333333333 0.44212962962962965 0.26851851851851855 0.44675925925925924 0.26157407407407407 0.4513888888888889 0.2638888888888889
0 0.8229166666666666 0.32060185185185186 0.006944444444444444 0.006944444444444444
0 0.6759259259259259 0.09722222222222222 0.6828703703703703 0.09722222222222222 0.6851851851851852 0.09953703703703703 0.6851851851851852 0.10416666666666667 0.6759259259259259 0.10416666666666667 0.6759259259259259 0.09953703703703703