0 0.1597222222222222 0.5254629629629629 0.004629629629629629 0.009259259259259259
0 0.18055555555555555 0.6400462962962963 0.009259259259259259 0.006944444444444444
0 0.10069444444444445 0.5960648148148148 0.006944444444444444 0.006944444444444444
0 0.24537037037037038 0.38425925925925924 0.24768518518518517 0.38425925925925924 0.25 0.3888888888888889 0.24768518518518517 0.39351851851851855 0.24537037037037038 0.39351851851851855 0.24537037037037038 0.38657407407407407
0 0.44212962962962965 0.7337962962962963 0.009259259259259259 0.009259259259259259
0 0.1736111111111111 0.4722222222222222 0.17592592592592593 0.47685185185185186 0.1736111111111111 0.48148148148148145 0.16898148148148148 0.4837962962962963 0.16666666666666666 0.47453703703703703 0.1712962962962963 0.4722222222222222
0 0.017361111111111112 0.9398148148148148 0.006944444444444444 0.009259259259259259
0 0.3472222222222222 0.09259259259259259 0.34953703703703703 0.09490740740740741 0.3449074074074074 0.10416666666666667 0.3402777777777778 0.10416666666666667 0.33796296296296297 0.10185185185185185 0.33796296296296297 0.09490740740740741 0.3449074074074074 0.09259259259259259
0 0.9259259259259259 0.29398148148148145 0.9305555555555556 0.29398148148148145 0.9305555555555556 0.30092592592592593 0.9282407407407407 0.30324074074074076 0.9259259259259259 0.30324074074074076 0.9259259259259259 0.2962962962962963
0 0.47800925925925924 0.6967592592592593 0.006944444444444444 0.009259259259259259
0 0.4849537037037037 0.1550925925925926 0.006944444444444444 0.009259259259259259
0 0.5625 0.020833333333333332 0.5648148148148148 0.023148148148148147 0.5625 0.03009259259259259 0.5555555555555556 0.02546296296296296 0.5555555555555556 0.023148148148148147 0.5601851851851852 0.020833333333333332
0 0.2465277777777778 0.8611111111111112 0.006944444444444444 0.009259259259259259