0 0.8391203703703703 0.1840277777777778 0.006944444444444444 0.006944444444444444
0 0.65625 0.037037037037037035 0.006944444444444444 0.009259259259259259
0 0.9560185185185185 0.08101851851851852 0.009259259259259259 0.009259259259259259
0 0.8958333333333334 0.9502314814814815 0.004629629629629629 0.006944444444444444
0 0.4097222222222222 0.5613425925925926 0.009259259259259259 0.006944444444444444
0 0.023148148148148147 0.4791666666666667 0.02546296296296296 0.48148148148148145 0.023148148148148147 0.48842592592592593 0.018518518518518517 0.48842592592592593 0.013888888888888888 0.4837962962962963 0.013888888888888888 0.4791666666666667 0.016203703703703703 0.47685185185185186 0.020833333333333332 0.4791666666666667
0 0.12037037037037036 0.5115740740740741 0.12037037037037036 0.5185185185185185 0.11574074074074074 0.5185185185185185 0.11342592592592593 0.5138888888888888 0.11805555555555555 0.5115740740740741
0 0.8935185185185185 0.9340277777777778 0.004629629629629629 0.006944444444444444
0 0.07407407407407407 0.26967592592592593 0.009259259259259259 0.011574074074074073
0 0.9456018518518519 0.8414351851851852 0.006944444444444444 0.006944444444444444
0 0.6354166666666666 0.8854166666666666 0.006944444444444444 0.006944444444444444
0 0.25810185185185186 0.38310185185185186 0.006944444444444444 0.006944444444444444
0 0.38310185185185186 0.6111111111111112 0.006944444444444444 0.009259259259259259
0 0.7511574074074074 0.3784722222222222 0.011574074074074073 0.006944444444444444
0 0.8692129629629629 0.6145833333333334 0.006944444444444444 0.006944444444444444
0 0.5104166666666666 0.15856481481481483 0.006944444444444444 0.006944444444444444
0 0.13078703703703703 0.5601851851851852 0.006944444444444444 0.004629629629629629
0 0.6041666666666666 0.3784722222222222 0.004629629629629629 0.006944444444444444
0 0.7962962962962963 0.9525462962962963 0.004629629629629629 0.006944444444444444
0 0.8541666666666666 0.8125 0.8611111111111112 0.8125 0.8611111111111112 0.8171296296296297 0.8564814814814815 0.8194444444444444 0.8541666666666666 0.8148148148148148
0 0.6319444444444444 0.24074074074074073 0.6388888888888888 0.24074074074074073 0.6412037037037037 0.24305555555555555 0.6388888888888888 0.24768518518518517 0.6342592592592593 0.24768518518518517 0.6319444444444444 0.24305555555555555