0 0.12037037037037036 0.2013888888888889 0.009259259259259259 0.013888888888888888
0 0.9189814814814815 0.9004629629629629 0.9212962962962963 0.8981481481481481 0.9282407407407407 0.8981481481481481 0.9305555555555556 0.9004629629629629 0.9282407407407407 0.9027777777777778 0.9212962962962963 0.9027777777777778
0 0.8217592592592593 0.30787037037037035 0.8263888888888888 0.3101851851851852 0.8287037037037037 0.3148148148148148 0.8240740740740741 0.3194444444444444 0.8194444444444444 0.3194444444444444 0.8171296296296297 0.31712962962962965 0.8171296296296297 0.3125 0.8194444444444444 0.3101851851851852
0 0.2361111111111111 0.38078703703703703 0.009259259259259259 0.011574074074074073
0 0.9050925925925926 0.6689814814814815 0.9074074074074074 0.6736111111111112 0.9027777777777778 0.6782407407407407 0.8958333333333334 0.6736111111111112 0.9027777777777778 0.6689814814814815
0 0.032407407407407406 0.6412037037037037 0.037037037037037035 0.6435185185185185 0.037037037037037035 0.6458333333333334 0.027777777777777776 0.6481481481481481 0.03009259259259259 0.6435185185185185
0 0.9398148148148148 0.6689814814814815 0.9421296296296297 0.6712962962962963 0.9421296296296297 0.6759259259259259 0.9398148148148148 0.6782407407407407 0.9328703703703703 0.6736111111111112 0.9328703703703703 0.6712962962962963 0.9375 0.6689814814814815
0 0.06018518518518518 0.6574074074074074 0.06944444444444445 0.6574074074074074 0.06944444444444445 0.6620370370370371 0.06712962962962964 0.6643518518518519 0.06018518518518518 0.6643518518518519 0.05787037037037037 0.6620370370370371 0.06018518518518518 0.6597222222222222
0 0.2534722222222222 0.29050925925925924 0.016203703703703703 0.016203703703703703
0 0.22453703703703703 0.9074074074074074 0.23148148148148148 0.9074074074074074 0.23148148148148148 0.9166666666666666 0.22453703703703703 0.9166666666666666 0.2222222222222222 0.9143518518518519 0.22453703703703703 0.9097222222222222
0 0.8495370370370371 0.5925925925925926 0.8564814814814815 0.5925925925925926 0.8587962962962963 0.5949074074074074 0.8541666666666666 0.5995370370370371 0.8518518518518519 0.5995370370370371 0.8495370370370371 0.5949074074074074
0 0.3472222222222222 0.3773148148148148 0.3449074074074074 0.38425925925925924 0.3402777777777778 0.38425925925925924 0.33796296296296297 0.3819444444444444 0.33796296296296297 0.3773148148148148 0.3402777777777778 0.375 0.3449074074074074 0.3773148148148148
0 0.8240740740740741 0.5138888888888888 0.8310185185185185 0.5138888888888888 0.8310185185185185 0.5185185185185185 0.8240740740740741 0.5185185185185185 0.8240740740740741 0.5162037037037037
0 0.4444444444444444 0.42824074074074076 0.44675925925925924 0.4351851851851852 0.4444444444444444 0.4398148148148148 0.4375 0.4444444444444444 0.4305555555555556 0.44212962962962965 0.42824074074074076 0.4305555555555556 0.4375 0.42592592592592593 0.44212962962962965 0.42824074074074076
0 0.5671296296296297 0.9432870370370371 0.009259259259259259 0.011574074074074073
0 0.6736111111111112 0.9166666666666666 0.6759259259259259 0.9189814814814815 0.6759259259259259 0.9259259259259259 0.6736111111111112 0.9282407407407407 0.6643518518518519 0.9282407407407407 0.6620370370370371 0.9236111111111112 0.6620370370370371 0.9189814814814815 0.6643518518518519 0.9166666666666666 0.6712962962962963 0.9166666666666666