0 0.19907407407407407 0.6805555555555556 0.19907407407407407 0.6875 0.19675925925925927 0.6898148148148148 0.19212962962962962 0.6851851851851852 0.19212962962962962 0.6828703703703703 0.19675925925925927 0.6805555555555556
0 0.4861111111111111 0.7592592592592593 0.49074074074074076 0.7592592592592593 0.4930555555555556 0.7615740740740741 0.49074074074074076 0.7662037037037037 0.4861111111111111 0.7662037037037037 0.4861111111111111 0.7615740740740741
0 0.6469907407407407 0.28587962962962965 0.006944444444444444 0.006944444444444444
0 0.6712962962962963 0.16666666666666666 0.009259259259259259 0.009259259259259259
0 0.3148148148148148 0.48842592592592593 0.31712962962962965 0.49074074074074076 0.31712962962962965 0.4976851851851852 0.30787037037037035 0.4976851851851852 0.30787037037037035 0.49074074074074076 0.3125 0.48842592592592593
0 0.27314814814814814 0.16550925925925927 0.009259259259259259 0.011574074074074073
0 0.8379629629629629 0.6620370370370371 0.8379629629629629 0.6527777777777778 0.8402777777777778 0.6504629629629629 0.8472222222222222 0.6550925925925926 0.8472222222222222 0.6597222222222222 0.8449074074074074 0.6620370370370371 0.8402777777777778 0.6620370370370371
0 0.46875 0.22337962962962962 0.011574074074074073 0.011574074074074073
0 0.7893518518518519 0.14583333333333334 0.7939814814814815 0.14814814814814814 0.7939814814814815 0.1550925925925926 0.7893518518518519 0.1550925925925926 0.7870370370370371 0.1527777777777778 0.7893518518518519 0.14814814814814814
0 0.09490740740740741 0.25462962962962965 0.09259259259259259 0.24768518518518517 0.09722222222222222 0.24537037037037038 0.09953703703703703 0.24768518518518517 0.09953703703703703 0.2523148148148148 0.09722222222222222 0.2523148148148148
0 0.4652777777777778 0.4166666666666667 0.4699074074074074 0.4166666666666667 0.4722222222222222 0.4212962962962963 0.4699074074074074 0.4236111111111111 0.4652777777777778 0.4236111111111111 0.4652777777777778 0.41898148148148145
0 0.5532407407407407 0.8587962962962963 0.009259259259259259 0.009259259259259259
0 0.8449074074074074 0.5439814814814815 0.8495370370370371 0.5439814814814815 0.8518518518518519 0.5462962962962963 0.8518518518518519 0.5532407407407407 0.8495370370370371 0.5555555555555556 0.8449074074074074 0.5555555555555556 0.8425925925925926 0.5532407407407407 0.8425925925925926 0.5486111111111112 0.8449074074074074 0.5462962962962963