0 0.018518518518518517 0.5347222222222222 0.009259259259259259 0.009259259259259259
0 0.20023148148148148 0.6435185185185185 0.006944444444444444 0.004629629629629629
0 0.03125 0.8657407407407407 0.006944444444444444 0.009259259259259259
0 0.10648148148148148 0.2962962962962963 0.009259259259259259 0.009259259259259259
0 0.13078703703703703 0.7349537037037037 0.006944444444444444 0.006944444444444444
0 0.16898148148148148 0.30092592592592593 0.17824074074074073 0.30092592592592593 0.17824074074074073 0.30787037037037035 0.1736111111111111 0.3101851851851852 0.16898148148148148 0.30324074074074076
0 0.28587962962962965 0.31828703703703703 0.006944444444444444 0.006944444444444444
0 0.1388888888888889 0.5810185185185185 0.14583333333333334 0.5810185185185185 0.14583333333333334 0.5856481481481481 0.14351851851851852 0.5879629629629629 0.1388888888888889 0.5879629629629629 0.1388888888888889 0.5833333333333334
0 0.3194444444444444 0.46875 0.009259259259259259 0.006944444444444444
0 0.08449074074074074 0.5219907407407407 0.006944444444444444 0.006944444444444444
0 0.20833333333333334 0.5787037037037037 0.20833333333333334 0.5856481481481481 0.2037037037037037 0.5856481481481481 0.2013888888888889 0.5810185185185185 0.20601851851851852 0.5787037037037037
0 0.2511574074074074 0.9027777777777778 0.006944444444444444 0.004629629629629629
0 0.27546296296296297 0.2222222222222222 0.009259259259259259 0.009259259259259259
0 0.05092592592592592 0.8796296296296297 0.05324074074074074 0.8842592592592593 0.04861111111111111 0.8888888888888888 0.04398148148148148 0.8865740740740741 0.04398148148148148 0.8819444444444444 0.04861111111111111 0.8796296296296297