0 0.875 0.26157407407407407 0.8796296296296297 0.2638888888888889 0.8796296296296297 0.27314814814814814 0.8726851851851852 0.2777777777777778 0.8657407407407407 0.2777777777777778 0.8611111111111112 0.27314814814814814 0.8634259259259259 0.2638888888888889 0.8657407407407407 0.26157407407407407 0.8726851851851852 0.26157407407407407
0 0.3958333333333333 0.9375 0.4027777777777778 0.9375 0.4050925925925926 0.9398148148148148 0.4050925925925926 0.9444444444444444 0.40046296296296297 0.9467592592592593 0.3958333333333333 0.9398148148148148
0 0.6134259259259259 0.4675925925925926 0.6180555555555556 0.4699074074074074 0.6180555555555556 0.47685185185185186 0.6111111111111112 0.47685185185185186 0.6087962962962963 0.47453703703703703 0.6087962962962963 0.4699074074074074 0.6111111111111112 0.4699074074074074
0 0.7453703703703703 0.7638888888888888 0.7523148148148148 0.7638888888888888 0.7546296296296297 0.7662037037037037 0.7546296296296297 0.7708333333333334 0.75 0.7731481481481481 0.7453703703703703 0.7731481481481481 0.7453703703703703 0.7662037037037037
0 0.5254629629629629 0.7569444444444444 0.5300925925925926 0.7569444444444444 0.5324074074074074 0.7592592592592593 0.5324074074074074 0.7638888888888888 0.5300925925925926 0.7662037037037037 0.5254629629629629 0.7638888888888888 0.5254629629629629 0.7592592592592593
0 0.7129629629629629 0.8101851851851852 0.7175925925925926 0.8101851851851852 0.7199074074074074 0.8125 0.7199074074074074 0.8171296296296297 0.7129629629629629 0.8171296296296297 0.7129629629629629 0.8125
0 0.2013888888888889 0.24768518518518517 0.2013888888888889 0.25462962962962965 0.19907407407407407 0.2569444444444444 0.18981481481481483 0.25462962962962965 0.18981481481481483 0.25 0.19212962962962962 0.24768518518518517 0.19907407407407407 0.24768518518518517
0 0.27546296296296297 0.7222222222222222 0.27546296296296297 0.7152777777777778 0.2777777777777778 0.7129629629629629 0.2800925925925926 0.7129629629629629 0.2824074074074074 0.7175925925925926 0.2800925925925926 0.7222222222222222 0.2777777777777778 0.7222222222222222
0 0.7175925925925926 0.4861111111111111 0.7199074074074074 0.48842592592592593 0.7245370370370371 0.48842592592592593 0.7245370370370371 0.49537037037037035 0.7222222222222222 0.4976851851851852 0.7129629629629629 0.4976851851851852 0.7106481481481481 0.49537037037037035 0.7106481481481481 0.48842592592592593 0.7152777777777778 0.48842592592592593
0 0.8009259259259259 0.8564814814814815 0.8055555555555556 0.8541666666666666 0.8101851851851852 0.8564814814814815 0.8078703703703703 0.8611111111111112 0.8032407407407407 0.8611111111111112 0.8009259259259259 0.8587962962962963
0 0.47685185185185186 0.9120370370370371 0.4861111111111111 0.9120370370370371 0.4861111111111111 0.9166666666666666 0.4837962962962963 0.9189814814814815 0.4791666666666667 0.9189814814814815 0.47685185185185186 0.9143518518518519
0 0.7638888888888888 0.6805555555555556 0.013888888888888888 0.013888888888888888