0 0.9884259259259259 0.10648148148148148 0.9907407407407407 0.1087962962962963 0.9907407407407407 0.11574074074074074 0.9884259259259259 0.11805555555555555 0.9837962962962963 0.11574074074074074 0.9837962962962963 0.1111111111111111 0.9861111111111112 0.1087962962962963
0 0.39814814814814814 0.9490740740740741 0.4027777777777778 0.9490740740740741 0.4050925925925926 0.9513888888888888 0.4027777777777778 0.9560185185185185 0.39814814814814814 0.9560185185185185 0.3958333333333333 0.9537037037037037 0.39814814814814814 0.9513888888888888
0 0.8101851851851852 0.5833333333333334 0.8101851851851852 0.5925925925925926 0.8055555555555556 0.5925925925925926 0.8032407407407407 0.5902777777777778 0.8032407407407407 0.5856481481481481 0.8078703703703703 0.5833333333333334
0 0.6018518518518519 0.2361111111111111 0.6018518518518519 0.22916666666666666 0.6041666666666666 0.22685185185185186 0.6087962962962963 0.22916666666666666 0.6087962962962963 0.2361111111111111 0.6041666666666666 0.2361111111111111
0 0.27546296296296297 0.16203703703703703 0.2800925925925926 0.1550925925925926 0.28703703703703703 0.1550925925925926 0.28935185185185186 0.1574074074074074 0.28935185185185186 0.16666666666666666 0.2800925925925926 0.16666666666666666 0.2777777777777778 0.16435185185185186
0 0.30787037037037035 0.30324074074074076 0.3101851851851852 0.3055555555555556 0.3101851851851852 0.3125 0.30787037037037035 0.3148148148148148 0.30324074074074076 0.3101851851851852 0.3055555555555556 0.3055555555555556
0 0.9837962962962963 0.6921296296296297 0.9884259259259259 0.6921296296296297 0.9907407407407407 0.6944444444444444 0.9907407407407407 0.6990740740740741 0.9837962962962963 0.6990740740740741 0.9837962962962963 0.6944444444444444
0 0.8564814814814815 0.04976851851851852 0.009259259259259259 0.011574074074074073
0 0.1550925925925926 0.9120370370370371 0.1597222222222222 0.9143518518518519 0.1574074074074074 0.9212962962962963 0.1527777777777778 0.9189814814814815 0.1527777777777778 0.9143518518518519
0 0.5601851851851852 0.037037037037037035 0.5601851851851852 0.027777777777777776 0.5625 0.02546296296296296 0.5648148148148148 0.02546296296296296 0.5671296296296297 0.03009259259259259 0.5648148148148148 0.037037037037037035 0.5625 0.037037037037037035
0 0.3148148148148148 0.7106481481481481 0.31712962962962965 0.7129629629629629 0.31712962962962965 0.7199074074074074 0.3125 0.7199074074074074 0.3125 0.7129629629629629
0 0.4479166666666667 0.2488425925925926 0.006944444444444444 0.006944444444444444
0 0.09259259259259259 0.6331018518518519 0.009259259259259259 0.011574074074074073
0 0.9629629629629629 0.20833333333333334 0.9606481481481481 0.20601851851851852 0.9606481481481481 0.2013888888888889 0.9652777777777778 0.19907407407407407 0.9675925925925926 0.2013888888888889 0.9675925925925926 0.20601851851851852 0.9652777777777778 0.20601851851851852
0 0.9513888888888888 0.39467592592592593 0.009259259259259259 0.011574074074074073
0 0.8726851851851852 0.7222222222222222 0.009259259259259259 0.013888888888888888
0 0.6203703703703703 0.14583333333333334 0.625 0.14583333333333334 0.625 0.1527777777777778 0.6226851851851852 0.1550925925925926 0.6203703703703703 0.1527777777777778 0.6203703703703703 0.14814814814814814