0 0.6643518518518519 0.26851851851851855 0.6689814814814815 0.26851851851851855 0.6712962962962963 0.27314814814814814 0.6689814814814815 0.27546296296296297 0.6643518518518519 0.27546296296296297 0.6643518518518519 0.2708333333333333
0 0.8796296296296297 0.1423611111111111 0.009259259259259259 0.006944444444444444
0 0.07175925925925926 0.3460648148148148 0.009259259259259259 0.011574074074074073
0 0.5462962962962963 0.19212962962962962 0.5439814814814815 0.18981481481481483 0.5439814814814815 0.18287037037037038 0.5462962962962963 0.18055555555555555 0.5509259259259259 0.18287037037037038 0.5509259259259259 0.18981481481481483 0.5486111111111112 0.18981481481481483
0 0.4664351851851852 0.1886574074074074 0.006944444444444444 0.006944444444444444
0 0.9317129629629629 0.024305555555555556 0.006944444444444444 0.006944444444444444
0 0.25 0.5138888888888888 0.009259259259259259 0.013888888888888888
0 0.32407407407407407 0.1099537037037037 0.013888888888888888 0.011574074074074073
0 0.9814814814814815 0.1388888888888889 0.9861111111111112 0.1388888888888889 0.9861111111111112 0.14814814814814814 0.9814814814814815 0.14583333333333334 0.9814814814814815 0.1412037037037037
0 0.6770833333333334 0.23032407407407407 0.006944444444444444 0.006944444444444444
0 0.9733796296296297 0.17708333333333334 0.006944444444444444 0.011574074074074073
0 0.7233796296296297 0.42939814814814814 0.006944444444444444 0.006944444444444444
0 0.5069444444444444 0.2662037037037037 0.5138888888888888 0.2662037037037037 0.5162037037037037 0.26851851851851855 0.5162037037037037 0.27546296296296297 0.5069444444444444 0.27546296296296297 0.5069444444444444 0.26851851851851855
0 0.5358796296296297 0.5219907407407407 0.006944444444444444 0.006944444444444444
0 0.6504629629629629 0.17592592592592593 0.6527777777777778 0.17824074074074073 0.6527777777777778 0.18518518518518517 0.6481481481481481 0.18518518518518517 0.6481481481481481 0.17824074074074073
0 0.3854166666666667 0.33564814814814814 0.006944444444444444 0.009259259259259259
0 0.2789351851851852 0.7094907407407407 0.006944444444444444 0.006944444444444444
0 0.8402777777777778 0.36342592592592593 0.8402777777777778 0.37037037037037035 0.8356481481481481 0.37037037037037035 0.8333333333333334 0.36574074074074076 0.8379629629629629 0.36342592592592593