0 0.4236111111111111 0.9074074074074074 0.42824074074074076 0.9097222222222222 0.42824074074074076 0.9166666666666666 0.4212962962962963 0.9166666666666666 0.41898148148148145 0.9143518518518519 0.4212962962962963 0.9097222222222222
0 0.5370370370370371 0.4444444444444444 0.5370370370370371 0.4351851851851852 0.5393518518518519 0.43287037037037035 0.5462962962962963 0.4375 0.5462962962962963 0.44212962962962965 0.5393518518518519 0.4444444444444444
0 0.03935185185185185 0.5208333333333334 0.04398148148148148 0.5208333333333334 0.046296296296296294 0.5231481481481481 0.046296296296296294 0.5300925925925926 0.03935185185185185 0.5300925925925926 0.037037037037037035 0.5277777777777778 0.03935185185185185 0.5231481481481481
0 0.3402777777777778 0.5509259259259259 0.3472222222222222 0.5509259259259259 0.34953703703703703 0.5532407407407407 0.3449074074074074 0.5601851851851852 0.3402777777777778 0.5578703703703703 0.3402777777777778 0.5532407407407407
0 0.8333333333333334 0.6689814814814815 0.8356481481481481 0.6712962962962963 0.8356481481481481 0.6759259259259259 0.8333333333333334 0.6782407407407407 0.8263888888888888 0.6782407407407407 0.8263888888888888 0.6712962962962963 0.8310185185185185 0.6689814814814815
0 0.22916666666666666 0.7824074074074074 0.018518518518518517 0.018518518518518517
0 0.2777777777777778 0.6736111111111112 0.2777777777777778 0.6689814814814815 0.2824074074074074 0.6643518518518519 0.28703703703703703 0.6666666666666666 0.28703703703703703 0.6712962962962963 0.2847222222222222 0.6736111111111112 0.2800925925925926 0.6736111111111112
0 0.5578703703703703 0.6041666666666666 0.5578703703703703 0.5995370370370371 0.5625 0.5949074074074074 0.5671296296296297 0.5972222222222222 0.5671296296296297 0.6018518518518519 0.5648148148148148 0.6041666666666666 0.5601851851851852 0.6041666666666666
0 0.8587962962962963 0.6319444444444444 0.8634259259259259 0.6296296296296297 0.8680555555555556 0.6319444444444444 0.8657407407407407 0.6365740740740741 0.8587962962962963 0.6365740740740741 0.8587962962962963 0.6342592592592593
0 0.6504629629629629 0.8125 0.6504629629629629 0.8194444444444444 0.6481481481481481 0.8217592592592593 0.6435185185185185 0.8217592592592593 0.6435185185185185 0.8148148148148148 0.6481481481481481 0.8125
0 0.5300925925925926 0.4837962962962963 0.5347222222222222 0.4837962962962963 0.5370370370370371 0.4861111111111111 0.5370370370370371 0.49074074074074076 0.5300925925925926 0.49074074074074076 0.5300925925925926 0.4861111111111111
0 0.32407407407407407 0.8472222222222222 0.32407407407407407 0.8541666666666666 0.31712962962962965 0.8541666666666666 0.31712962962962965 0.8495370370370371 0.32175925925925924 0.8472222222222222
0 0.6782407407407407 0.05092592592592592 0.6782407407407407 0.041666666666666664 0.6805555555555556 0.03935185185185185 0.6875 0.04398148148148148 0.6875 0.046296296296296294 0.6805555555555556 0.05092592592592592