0 0.03587962962962963 0.28935185185185186 0.006944444444444444 0.009259259259259259
0 0.29050925925925924 0.5405092592592593 0.006944444444444444 0.006944444444444444
0 0.03819444444444445 0.2326388888888889 0.006944444444444444 0.006944444444444444
0 0.3159722222222222 0.7071759259259259 0.006944444444444444 0.006944444444444444
0 0.2511574074074074 0.6041666666666666 0.006944444444444444 0.004629629629629629
0 0.1412037037037037 0.23958333333333334 0.004629629629629629 0.006944444444444444
0 0.06018518518518518 0.39351851851851855 0.004629629629629629 0.004629629629629629
0 0.31712962962962965 0.4039351851851852 0.004629629629629629 0.006944444444444444
0 0.2361111111111111 0.4849537037037037 0.009259259259259259 0.006944444444444444
0 0.2638888888888889 0.11342592592592593 0.27314814814814814 0.11342592592592593 0.27546296296296297 0.11574074074074074 0.27546296296296297 0.12268518518518519 0.2662037037037037 0.12268518518518519 0.2638888888888889 0.12037037037037036 0.2638888888888889 0.11574074074074074
0 0.27314814814814814 0.6550925925925926 0.009259259259259259 0.009259259259259259
0 0.3194444444444444 0.28587962962962965 0.004629629629629629 0.006944444444444444