0 0.8819444444444444 0.30092592592592593 0.8819444444444444 0.30787037037037035 0.8796296296296297 0.3101851851851852 0.875 0.3101851851851852 0.875 0.30324074074074076 0.8796296296296297 0.30092592592592593
0 0.9351851851851852 0.7847222222222222 0.9351851851851852 0.7916666666666666 0.9328703703703703 0.7939814814814815 0.9282407407407407 0.7916666666666666 0.9282407407407407 0.7870370370370371 0.9328703703703703 0.7847222222222222
0 0.7777777777777778 0.28935185185185186 0.7847222222222222 0.28935185185185186 0.7824074074074074 0.2962962962962963 0.7777777777777778 0.2962962962962963 0.7777777777777778 0.2916666666666667
0 0.04861111111111111 0.7083333333333334 0.04861111111111111 0.7175925925925926 0.04398148148148148 0.7199074074074074 0.03935185185185185 0.7129629629629629 0.046296296296296294 0.7083333333333334
0 0.8518518518518519 0.5625 0.8518518518518519 0.5671296296296297 0.8495370370370371 0.5694444444444444 0.8449074074074074 0.5694444444444444 0.8449074074074074 0.5648148148148148 0.8495370370370371 0.5625
0 0.8310185185185185 0.16203703703703703 0.8310185185185185 0.1574074074074074 0.8333333333333334 0.1550925925925926 0.8379629629629629 0.1574074074074074 0.8379629629629629 0.16203703703703703 0.8333333333333334 0.16203703703703703
0 0.07175925925925926 0.8402777777777778 0.07407407407407407 0.8425925925925926 0.07407407407407407 0.8495370370370371 0.06712962962962964 0.8495370370370371 0.06712962962962964 0.8449074074074074 0.06944444444444445 0.8425925925925926
0 0.8078703703703703 0.3611111111111111 0.8078703703703703 0.3541666666666667 0.8101851851851852 0.35185185185185186 0.8148148148148148 0.3541666666666667 0.8148148148148148 0.3587962962962963 0.8101851851851852 0.3611111111111111
0 0.6736111111111112 0.3449074074074074 0.6782407407407407 0.3449074074074074 0.6782407407407407 0.35185185185185186 0.6759259259259259 0.3541666666666667 0.6712962962962963 0.35185185185185186 0.6736111111111112 0.3472222222222222
0 0.9212962962962963 0.6875 0.009259259259259259 0.009259259259259259
0 0.6782407407407407 0.5856481481481481 0.6782407407407407 0.5925925925925926 0.6712962962962963 0.5925925925925926 0.6712962962962963 0.5879629629629629 0.6759259259259259 0.5856481481481481
0 0.7777777777777778 0.5370370370370371 0.7800925925925926 0.5393518518518519 0.7777777777777778 0.5439814814814815 0.7731481481481481 0.5439814814814815 0.7708333333333334 0.5416666666666666 0.7708333333333334 0.5393518518518519 0.7754629629629629 0.5370370370370371