0 0.5 0.5694444444444444 0.5069444444444444 0.5694444444444444 0.5069444444444444 0.5740740740740741 0.5 0.5740740740740741 0.5 0.5717592592592593
0 0.7199074074074074 0.09490740740740741 0.7245370370370371 0.09490740740740741 0.7245370370370371 0.10185185185185185 0.7199074074074074 0.10185185185185185 0.7199074074074074 0.09722222222222222
0 0.7592592592592593 0.09606481481481481 0.009259259259259259 0.011574074074074073
0 0.5949074074074074 0.4652777777777778 0.5949074074074074 0.4583333333333333 0.5972222222222222 0.45601851851851855 0.6018518518518519 0.4583333333333333 0.6018518518518519 0.46296296296296297 0.5972222222222222 0.4652777777777778
0 0.3125 0.43287037037037035 0.3148148148148148 0.4351851851851852 0.3148148148148148 0.4398148148148148 0.3125 0.44212962962962965 0.30787037037037035 0.44212962962962965 0.3055555555555556 0.4398148148148148 0.3055555555555556 0.4351851851851852 0.3101851851851852 0.43287037037037035
0 0.5787037037037037 0.8819444444444444 0.5787037037037037 0.875 0.5810185185185185 0.8726851851851852 0.5856481481481481 0.875 0.5856481481481481 0.8796296296296297 0.5810185185185185 0.8819444444444444
0 0.16898148148148148 0.8518518518518519 0.1712962962962963 0.8541666666666666 0.1712962962962963 0.8587962962962963 0.16666666666666666 0.8634259259259259 0.16203703703703703 0.8611111111111112 0.16203703703703703 0.8541666666666666 0.16666666666666666 0.8518518518518519
0 0.19444444444444445 0.16203703703703703 0.19444444444444445 0.1550925925925926 0.19675925925925927 0.1527777777777778 0.2013888888888889 0.1550925925925926 0.2013888888888889 0.1597222222222222 0.19675925925925927 0.16203703703703703
0 0.29398148148148145 0.7870370370370371 0.2916666666666667 0.7824074074074074 0.2916666666666667 0.7777777777777778 0.29398148148148145 0.7754629629629629 0.2986111111111111 0.7777777777777778 0.2986111111111111 0.7847222222222222 0.2962962962962963 0.7870370370370371
0 0.14814814814814814 0.5231481481481481 0.14814814814814814 0.5277777777777778 0.14583333333333334 0.5300925925925926 0.1388888888888889 0.5300925925925926 0.1388888888888889 0.5231481481481481 0.1412037037037037 0.5208333333333334 0.14583333333333334 0.5231481481481481
0 0.27314814814814814 0.08796296296296297 0.27314814814814814 0.09490740740740741 0.2708333333333333 0.09722222222222222 0.2662037037037037 0.09490740740740741 0.2662037037037037 0.09027777777777778 0.2708333333333333 0.08796296296296297
0 0.2962962962962963 0.5138888888888888 0.009259259259259259 0.013888888888888888
0 0.4398148148148148 0.1712962962962963 0.4398148148148148 0.17824074074074073 0.4375 0.18055555555555555 0.43287037037037035 0.18055555555555555 0.43287037037037035 0.1736111111111111 0.4375 0.1712962962962963