0 0.6574074074074074 0.11342592592592593 0.6620370370370371 0.11574074074074074 0.6620370370370371 0.12268518518518519 0.6550925925925926 0.12268518518518519 0.6550925925925926 0.11805555555555555 0.6574074074074074 0.11574074074074074
0 0.9583333333333334 0.23148148148148148 0.9583333333333334 0.22453703703703703 0.9606481481481481 0.2222222222222222 0.9629629629629629 0.2222222222222222 0.9652777777777778 0.22685185185185186 0.9606481481481481 0.23148148148148148
0 0.5879629629629629 0.36574074074074076 0.5925925925925926 0.37037037037037035 0.5902777777777778 0.3773148148148148 0.5856481481481481 0.3773148148148148 0.5833333333333334 0.3726851851851852 0.5856481481481481 0.3680555555555556
0 0.8611111111111112 0.2951388888888889 0.009259259259259259 0.011574074074074073
0 0.29398148148148145 0.02662037037037037 0.009259259259259259 0.011574074074074073
0 0.12962962962962962 0.7916666666666666 0.009259259259259259 0.009259259259259259
0 0.8333333333333334 0.8263888888888888 0.8402777777777778 0.8263888888888888 0.8402777777777778 0.8333333333333334 0.8379629629629629 0.8356481481481481 0.8333333333333334 0.8356481481481481 0.8333333333333334 0.8287037037037037
0 0.3287037037037037 0.4236111111111111 0.33101851851851855 0.42592592592592593 0.33101851851851855 0.43287037037037035 0.3263888888888889 0.43287037037037035 0.3263888888888889 0.42592592592592593
0 0.12268518518518519 0.26851851851851855 0.009259259259259259 0.009259259259259259
0 0.9259259259259259 0.6041666666666666 0.9236111111111112 0.5995370370370371 0.9236111111111112 0.5949074074074074 0.9259259259259259 0.5925925925925926 0.9328703703703703 0.5925925925925926 0.9351851851851852 0.5949074074074074 0.9351851851851852 0.6041666666666666 0.9305555555555556 0.6064814814814815 0.9282407407407407 0.6041666666666666
0 0.9537037037037037 0.46296296296296297 0.9537037037037037 0.4699074074074074 0.9513888888888888 0.4722222222222222 0.9467592592592593 0.4699074074074074 0.9467592592592593 0.4652777777777778 0.9513888888888888 0.46296296296296297
0 0.22453703703703703 0.8287037037037037 0.22916666666666666 0.8356481481481481 0.22685185185185186 0.8379629629629629 0.2222222222222222 0.8379629629629629 0.2199074074074074 0.8356481481481481 0.2222222222222222 0.8310185185185185
0 0.48842592592592593 0.16898148148148148 0.48842592592592593 0.16203703703703703 0.49074074074074076 0.1597222222222222 0.49537037037037035 0.16203703703703703 0.49537037037037035 0.16666666666666666 0.49074074074074076 0.16898148148148148
0 0.44212962962962965 0.3958333333333333 0.44675925925925924 0.40046296296296297 0.44675925925925924 0.4050925925925926 0.44212962962962965 0.4074074074074074 0.4375 0.4027777777777778 0.4398148148148148 0.39814814814814814
0 0.9953703703703703 0.23148148148148148 0.9976851851851852 0.2337962962962963 0.9976851851851852 0.24074074074074073 0.9930555555555556 0.24074074074074073 0.9930555555555556 0.2337962962962963
0 0.6666666666666666 0.07291666666666667 0.009259259259259259 0.011574074074074073
0 0.21296296296296297 0.6400462962962963 0.009259259259259259 0.011574074074074073
0 0.23842592592592593 0.75 0.23842592592592593 0.7430555555555556 0.24074074074074073 0.7407407407407407 0.24537037037037038 0.7430555555555556 0.24537037037037038 0.75 0.24074074074074073 0.75
0 0.7962962962962963 0.4305555555555556 0.8032407407407407 0.4305555555555556 0.8032407407407407 0.4351851851851852 0.8009259259259259 0.4375 0.7962962962962963 0.4375 0.7962962962962963 0.43287037037037035
0 0.49537037037037035 0.3148148148148148 0.4976851851851852 0.31712962962962965 0.4976851851851852 0.32407407407407407 0.4930555555555556 0.32407407407407407 0.49074074074074076 0.32175925925925924 0.4930555555555556 0.31712962962962965
0 0.16203703703703703 0.41550925925925924 0.009259259259259259 0.011574074074074073
0 0.9467592592592593 0.7083333333333334 0.9490740740740741 0.7106481481481481 0.9490740740740741 0.7152777777777778 0.9467592592592593 0.7175925925925926 0.9421296296296297 0.7175925925925926 0.9421296296296297 0.7129629629629629 0.9444444444444444 0.7106481481481481
0 0.75 0.5231481481481481 0.75 0.5162037037037037 0.7523148148148148 0.5138888888888888 0.7569444444444444 0.5162037037037037 0.7569444444444444 0.5208333333333334 0.7523148148148148 0.5231481481481481
0 0.9328703703703703 0.3587962962962963 0.9351851851851852 0.35648148148148145 0.9421296296296297 0.35648148148148145 0.9421296296296297 0.36342592592592593 0.9375 0.36574074074074076 0.9351851851851852 0.3611111111111111
0 0.5740740740740741 0.4548611111111111 0.009259259259259259 0.011574074074074073
0 0.6111111111111112 0.1875 0.6180555555555556 0.1875 0.6203703703703703 0.18981481481481483 0.6203703703703703 0.19675925925925927 0.6180555555555556 0.19907407407407407 0.6134259259259259 0.19907407407407407 0.6111111111111112 0.19675925925925927 0.6111111111111112 0.18981481481481483
0 0.75 0.4756944444444444 0.009259259259259259 0.011574074074074073
0 0.2777777777777778 0.7546296296296297 0.2777777777777778 0.75 0.2800925925925926 0.7476851851851852 0.2847222222222222 0.75 0.2847222222222222 0.7546296296296297 0.2824074074074074 0.7569444444444444 0.2800925925925926 0.7546296296296297