0 0.21875 0.8333333333333334 0.006944444444444444 0.004629629629629629
0 0.28125 0.3715277777777778 0.006944444444444444 0.006944444444444444
0 0.2199074074074074 0.12268518518518519 0.2222222222222222 0.12037037037037036 0.22916666666666666 0.12037037037037036 0.22916666666666666 0.125 0.22685185185185186 0.12731481481481483 0.2222222222222222 0.125
0 0.0798611111111111 0.08796296296296297 0.006944444444444444 0.009259259259259259
0 0.1284722222222222 0.16087962962962962 0.006944444444444444 0.006944444444444444
0 0.1076388888888889 0.8576388888888888 0.006944444444444444 0.006944444444444444
0 0.08333333333333333 0.15393518518518517 0.004629629629629629 0.006944444444444444
0 0.17476851851851852 0.5196759259259259 0.006944444444444444 0.011574074074074073
0 0.19560185185185186 0.3136574074074074 0.006944444444444444 0.006944444444444444
0 0.06944444444444445 0.4097222222222222 0.07407407407407407 0.4097222222222222 0.0763888888888889 0.41203703703703703 0.07407407407407407 0.4166666666666667 0.06944444444444445 0.4166666666666667 0.06944444444444445 0.41203703703703703
0 0.2152777777777778 0.6099537037037037 0.004629629629629629 0.006944444444444444
0 0.20949074074074073 0.21296296296296297 0.006944444444444444 0.009259259259259259