0 0.3738425925925926 0.9016203703703703 0.006944444444444444 0.011574074074074073
0 0.5740740740740741 0.5439814814814815 0.5787037037037037 0.5439814814814815 0.5810185185185185 0.5486111111111112 0.5810185185185185 0.5532407407407407 0.5763888888888888 0.5555555555555556 0.5740740740740741 0.5532407407407407 0.5740740740740741 0.5462962962962963
0 0.24537037037037038 0.3958333333333333 0.24537037037037038 0.4027777777777778 0.24305555555555555 0.4050925925925926 0.23842592592592593 0.4027777777777778 0.23842592592592593 0.39814814814814814 0.24305555555555555 0.3958333333333333
0 0.8865740740740741 0.6215277777777778 0.009259259259259259 0.006944444444444444
0 0.47453703703703703 0.29398148148148145 0.48148148148148145 0.30324074074074076 0.4791666666666667 0.3055555555555556 0.4722222222222222 0.3055555555555556 0.4699074074074074 0.30324074074074076 0.4699074074074074 0.2962962962962963 0.4722222222222222 0.2962962962962963
0 0.09606481481481481 0.20717592592592593 0.006944444444444444 0.011574074074074073
0 0.0787037037037037 0.7638888888888888 0.009259259259259259 0.013888888888888888
0 0.45601851851851855 0.6481481481481481 0.009259259259259259 0.009259259259259259
0 0.4166666666666667 0.49074074074074076 0.4166666666666667 0.4976851851851852 0.4097222222222222 0.4976851851851852 0.4097222222222222 0.4930555555555556 0.41435185185185186 0.49074074074074076
0 0.11574074074074074 0.42476851851851855 0.009259259259259259 0.011574074074074073
0 0.8819444444444444 0.5208333333333334 0.8796296296296297 0.5185185185185185 0.8796296296296297 0.5138888888888888 0.8842592592592593 0.5115740740740741 0.8865740740740741 0.5162037037037037 0.8865740740740741 0.5185185185185185 0.8842592592592593 0.5185185185185185
0 0.9560185185185185 0.5300925925925926 0.9583333333333334 0.5324074074074074 0.9583333333333334 0.5370370370370371 0.9537037037037037 0.5393518518518519 0.9513888888888888 0.5370370370370371 0.9513888888888888 0.5324074074074074 0.9537037037037037 0.5324074074074074
0 0.27314814814814814 0.13425925925925927 0.2777777777777778 0.1412037037037037 0.27314814814814814 0.14583333333333334 0.2708333333333333 0.14351851851851852 0.2708333333333333 0.13657407407407407
0 0.4212962962962963 0.8472222222222222 0.42592592592592593 0.8495370370370371 0.42592592592592593 0.8564814814814815 0.4212962962962963 0.8587962962962963 0.41898148148148145 0.8564814814814815 0.41898148148148145 0.8495370370370371
0 0.6782407407407407 0.7199074074074074 0.6782407407407407 0.7268518518518519 0.6736111111111112 0.7291666666666666 0.6689814814814815 0.7245370370370371 0.6689814814814815 0.7199074074074074 0.6712962962962963 0.7175925925925926 0.6759259259259259 0.7199074074074074
0 0.18518518518518517 0.8032407407407407 0.18981481481481483 0.8078703703703703 0.18981481481481483 0.8125 0.18287037037037038 0.8125 0.18287037037037038 0.8055555555555556