0 0.6759259259259259 0.5833333333333334 0.009259259259259259 0.009259259259259259
0 0.12268518518518519 0.21296296296296297 0.009259259259259259 0.009259259259259259
0 0.47685185185185186 0.31712962962962965 0.47685185185185186 0.3101851851851852 0.4791666666666667 0.30787037037037035 0.4861111111111111 0.30787037037037035 0.48842592592592593 0.3125 0.4837962962962963 0.3194444444444444 0.4791666666666667 0.31712962962962965
0 0.8680555555555556 0.09953703703703703 0.009259259259259259 0.009259259259259259
0 0.5034722222222222 0.4756944444444444 0.006944444444444444 0.006944444444444444
0 0.8125 0.2175925925925926 0.8125 0.21296296296296297 0.8148148148148148 0.21064814814814814 0.8194444444444444 0.21296296296296297 0.8194444444444444 0.2175925925925926 0.8148148148148148 0.2175925925925926
0 0.9305555555555556 0.3159722222222222 0.009259259259259259 0.006944444444444444
0 0.24537037037037038 0.13541666666666666 0.009259259259259259 0.006944444444444444
0 0.30324074074074076 0.3136574074074074 0.009259259259259259 0.006944444444444444
0 0.5787037037037037 0.8576388888888888 0.009259259259259259 0.006944444444444444
0 0.38425925925925924 0.22453703703703703 0.009259259259259259 0.009259259259259259
0 0.5763888888888888 0.06828703703703703 0.009259259259259259 0.006944444444444444
0 0.10648148148148148 0.41550925925925924 0.009259259259259259 0.006944444444444444
0 0.3194444444444444 0.4583333333333333 0.3194444444444444 0.4537037037037037 0.32175925925925924 0.4513888888888889 0.3263888888888889 0.4537037037037037 0.3263888888888889 0.4583333333333333 0.32175925925925924 0.4583333333333333
0 0.7199074074074074 0.46296296296296297 0.009259259259259259 0.009259259259259259
0 0.8298611111111112 0.8888888888888888 0.011574074074074073 0.009259259259259259
0 0.7511574074074074 0.07291666666666667 0.006944444444444444 0.006944444444444444
0 0.18981481481481483 0.9016203703703703 0.009259259259259259 0.006944444444444444
0 0.8819444444444444 0.21064814814814814 0.8842592592592593 0.21296296296296297 0.8842592592592593 0.2175925925925926 0.8796296296296297 0.2175925925925926 0.875 0.21296296296296297 0.8796296296296297 0.21064814814814814
0 0.4050925925925926 0.12268518518518519 0.4097222222222222 0.125 0.4097222222222222 0.12962962962962962 0.40046296296296297 0.12962962962962962 0.40046296296296297 0.125 0.4027777777777778 0.125