0 0.1840277777777778 0.29398148148148145 0.006944444444444444 0.009259259259259259
0 0.10185185185185185 0.1724537037037037 0.009259259259259259 0.006944444444444444
0 0.9398148148148148 0.7870370370370371 0.9375 0.7777777777777778 0.9421296296296297 0.7731481481481481 0.9490740740740741 0.7731481481481481 0.9537037037037037 0.7777777777777778 0.9537037037037037 0.7847222222222222 0.9513888888888888 0.7870370370370371 0.9421296296296297 0.7870370370370371
0 0.5115740740740741 0.8136574074074074 0.009259259259259259 0.006944444444444444
0 0.2569444444444444 0.9317129629629629 0.009259259259259259 0.006944444444444444
0 0.17939814814814814 0.6180555555555556 0.006944444444444444 0.009259259259259259
0 0.13657407407407407 0.4756944444444444 0.009259259259259259 0.006944444444444444
0 0.33796296296296297 0.36342592592592593 0.3425925925925926 0.36574074074074076 0.3425925925925926 0.3726851851851852 0.33564814814814814 0.3726851851851852 0.3333333333333333 0.3680555555555556 0.33564814814814814 0.36574074074074076
0 0.3298611111111111 0.1712962962962963 0.006944444444444444 0.009259259259259259
0 0.15046296296296297 0.05324074074074074 0.1574074074074074 0.05324074074074074 0.1597222222222222 0.05555555555555555 0.1574074074074074 0.06018518518518518 0.15046296296296297 0.06018518518518518 0.15046296296296297 0.05555555555555555
0 0.4976851851851852 0.3148148148148148 0.009259259259259259 0.009259259259259259
0 0.125 0.8379629629629629 0.13194444444444445 0.8379629629629629 0.13425925925925927 0.8425925925925926 0.13194444444444445 0.8449074074074074 0.12731481481481483 0.8449074074074074 0.125 0.8402777777777778
0 0.8819444444444444 0.47453703703703703 0.8819444444444444 0.4699074074074074 0.8842592592592593 0.4675925925925926 0.8888888888888888 0.4699074074074074 0.8888888888888888 0.47453703703703703 0.8842592592592593 0.47453703703703703
0 0.19907407407407407 0.9513888888888888 0.19907407407407407 0.9560185185185185 0.2013888888888889 0.9583333333333334 0.19907407407407407 0.9629629629629629 0.19212962962962962 0.9675925925925926 0.18287037037037038 0.9606481481481481 0.18287037037037038 0.9560185185185185 0.1875 0.9490740740740741 0.19444444444444445 0.9490740740740741 0.19675925925925927 0.9513888888888888