0 0.08449074074074074 0.1550925925925926 0.006944444444444444 0.009259259259259259
0 0.9224537037037037 0.11805555555555555 0.006944444444444444 0.009259259259259259
0 0.6284722222222222 0.6018518518518519 0.006944444444444444 0.009259259259259259
0 0.23032407407407407 0.052083333333333336 0.011574074074074073 0.011574074074074073
0 0.5497685185185185 0.04513888888888889 0.006944444444444444 0.006944444444444444
0 0.05092592592592592 0.12962962962962962 0.009259259259259259 0.009259259259259259
0 0.9814814814814815 0.4398148148148148 0.9884259259259259 0.4398148148148148 0.9884259259259259 0.44675925925925924 0.9814814814814815 0.44675925925925924 0.9814814814814815 0.44212962962962965
0 0.09953703703703703 0.9143518518518519 0.10416666666666667 0.9189814814814815 0.10416666666666667 0.9236111111111112 0.10185185185185185 0.9259259259259259 0.09490740740740741 0.9259259259259259 0.09027777777777778 0.9212962962962963 0.09027777777777778 0.9189814814814815 0.09722222222222222 0.9143518518518519
0 0.20833333333333334 0.1574074074074074 0.2152777777777778 0.1527777777777778 0.2175925925925926 0.1550925925925926 0.2152777777777778 0.16203703703703703 0.21064814814814814 0.1597222222222222
0 0.30092592592592593 0.5092592592592593 0.3055555555555556 0.5092592592592593 0.3055555555555556 0.5162037037037037 0.30092592592592593 0.5162037037037037 0.30092592592592593 0.5115740740740741
0 0.8622685185185185 0.3645833333333333 0.006944444444444444 0.006944444444444444
0 0.6782407407407407 0.27314814814814814 0.009259259259259259 0.009259259259259259
0 0.9444444444444444 0.27314814814814814 0.009259259259259259 0.009259259259259259
0 0.8032407407407407 0.6851851851851852 0.8101851851851852 0.6805555555555556 0.8125 0.6828703703703703 0.8125 0.6875 0.8101851851851852 0.6898148148148148 0.8055555555555556 0.6898148148148148 0.8055555555555556 0.6875
0 0.5763888888888888 0.9236111111111112 0.5787037037037037 0.9259259259259259 0.5787037037037037 0.9305555555555556 0.5763888888888888 0.9328703703703703 0.5717592592592593 0.9328703703703703 0.5694444444444444 0.9305555555555556 0.5694444444444444 0.9259259259259259 0.5740740740740741 0.9236111111111112
0 0.6180555555555556 0.16550925925925927 0.009259259259259259 0.006944444444444444
0 0.6296296296296297 0.9583333333333334 0.6319444444444444 0.9606481481481481 0.6296296296296297 0.9652777777777778 0.625 0.9652777777777778 0.6226851851851852 0.9629629629629629 0.6226851851851852 0.9606481481481481 0.6273148148148148 0.9583333333333334