0 0.4756944444444444 0.4988425925925926 0.006944444444444444 0.006944444444444444
0 0.9108796296296297 0.8344907407407407 0.006944444444444444 0.006944444444444444
0 0.9027777777777778 0.24537037037037038 0.009259259259259259 0.009259259259259259
0 0.8796296296296297 0.5613425925925926 0.009259259259259259 0.006944444444444444
0 0.7974537037037037 0.39467592592592593 0.006944444444444444 0.006944444444444444
0 0.31712962962962965 0.4398148148148148 0.009259259259259259 0.009259259259259259
0 0.08564814814814815 0.6921296296296297 0.09259259259259259 0.6921296296296297 0.09259259259259259 0.6990740740740741 0.08796296296296297 0.6990740740740741 0.08564814814814815 0.6944444444444444
0 0.09837962962962964 0.28587962962962965 0.006944444444444444 0.006944444444444444
0 0.33564814814814814 0.8553240740740741 0.009259259259259259 0.006944444444444444
0 0.2013888888888889 0.8449074074074074 0.20601851851851852 0.8449074074074074 0.20833333333333334 0.8472222222222222 0.20833333333333334 0.8541666666666666 0.2013888888888889 0.8541666666666666 0.2013888888888889 0.8472222222222222
0 0.7129629629629629 0.0787037037037037 0.7222222222222222 0.0787037037037037 0.7222222222222222 0.08333333333333333 0.7199074074074074 0.08564814814814815 0.7129629629629629 0.08101851851851852
0 0.8784722222222222 0.2974537037037037 0.006944444444444444 0.006944444444444444
0 0.2673611111111111 0.31828703703703703 0.006944444444444444 0.006944444444444444
0 0.3715277777777778 0.8379629629629629 0.006944444444444444 0.009259259259259259
0 0.9409722222222222 0.17939814814814814 0.006944444444444444 0.006944444444444444
0 0.9965277777777778 0.2974537037037037 0.006944444444444444 0.006944444444444444
0 0.7164351851851852 0.6099537037037037 0.006944444444444444 0.006944444444444444
0 0.4375 0.5416666666666666 0.009259259259259259 0.009259259259259259
0 0.7442129629629629 0.5590277777777778 0.006944444444444444 0.006944444444444444