0 0.6238425925925926 0.11458333333333333 0.006944444444444444 0.006944444444444444
0 0.59375 0.2569444444444444 0.006944444444444444 0.009259259259259259
0 0.5520833333333334 0.23726851851851852 0.006944444444444444 0.011574074074074073
0 0.7615740740740741 0.7870370370370371 0.009259259259259259 0.009259259259259259
0 0.4363425925925926 0.8113425925925926 0.006944444444444444 0.006944444444444444
0 0.011574074074074073 0.3333333333333333 0.009259259259259259 0.009259259259259259
0 0.5520833333333334 0.14930555555555555 0.006944444444444444 0.006944444444444444
0 0.6759259259259259 0.48148148148148145 0.6805555555555556 0.4837962962962963 0.6805555555555556 0.48842592592592593 0.6782407407407407 0.49074074074074076 0.6736111111111112 0.48842592592592593 0.6759259259259259 0.4837962962962963
0 0.1724537037037037 0.21296296296296297 0.006944444444444444 0.009259259259259259
0 0.9502314814814815 0.8217592592592593 0.011574074074074073 0.009259259259259259
0 0.3888888888888889 0.2349537037037037 0.009259259259259259 0.006944444444444444
0 0.18518518518518517 0.7592592592592593 0.18981481481481483 0.7615740740740741 0.18981481481481483 0.7662037037037037 0.1875 0.7685185185185185 0.18287037037037038 0.7685185185185185 0.18287037037037038 0.7615740740740741
0 0.75 0.4166666666666667 0.7523148148148148 0.41898148148148145 0.7523148148148148 0.4236111111111111 0.7476851851851852 0.42592592592592593 0.7430555555555556 0.4236111111111111 0.7430555555555556 0.41898148148148145 0.7476851851851852 0.4166666666666667
0 0.4988425925925926 0.2013888888888889 0.006944444444444444 0.009259259259259259
0 0.09722222222222222 0.2986111111111111 0.009259259259259259 0.009259259259259259
0 0.9780092592592593 0.31828703703703703 0.006944444444444444 0.006944444444444444
0 0.4756944444444444 0.8321759259259259 0.006944444444444444 0.006944444444444444
0 0.5752314814814815 0.9525462962962963 0.006944444444444444 0.006944444444444444