0 0.6631944444444444 0.3912037037037037 0.011574074074074073 0.009259259259259259
0 0.7256944444444444 0.7604166666666666 0.011574074074074073 0.006944444444444444
0 0.25462962962962965 0.3425925925925926 0.26157407407407407 0.3425925925925926 0.2638888888888889 0.3449074074074074 0.26157407407407407 0.34953703703703703 0.2569444444444444 0.34953703703703703 0.25462962962962965 0.3449074074074074
0 0.5277777777777778 0.7476851851851852 0.5300925925925926 0.75 0.5277777777777778 0.7546296296296297 0.5231481481481481 0.7546296296296297 0.5208333333333334 0.7523148148148148 0.5208333333333334 0.75 0.5254629629629629 0.7476851851851852
0 0.14467592592592593 0.96875 0.011574074074074073 0.011574074074074073
0 0.40046296296296297 0.4074074074074074 0.4050925925925926 0.4050925925925926 0.41203703703703703 0.4074074074074074 0.41203703703703703 0.41435185185185186 0.4050925925925926 0.41435185185185186 0.40046296296296297 0.41203703703703703 0.40046296296296297 0.4097222222222222
0 0.43287037037037035 0.7013888888888888 0.4398148148148148 0.7013888888888888 0.4398148148148148 0.7060185185185185 0.43287037037037035 0.7060185185185185 0.43287037037037035 0.7037037037037037
0 0.16319444444444445 0.6076388888888888 0.011574074074074073 0.006944444444444444
0 0.6759259259259259 0.25462962962962965 0.6828703703703703 0.25462962962962965 0.6851851851851852 0.2569444444444444 0.6828703703703703 0.26157407407407407 0.6782407407407407 0.26157407407407407 0.6759259259259259 0.2569444444444444
0 0.5555555555555556 0.7986111111111112 0.5555555555555556 0.7916666666666666 0.5578703703703703 0.7893518518518519 0.5648148148148148 0.7939814814814815 0.5578703703703703 0.7986111111111112
0 0.5497685185185185 0.20023148148148148 0.011574074074074073 0.006944444444444444
0 0.8032407407407407 0.36689814814814814 0.009259259259259259 0.006944444444444444
0 0.3993055555555556 0.42592592592592593 0.011574074074074073 0.009259259259259259