0 0.6620370370370371 0.2824074074074074 0.6666666666666666 0.2824074074074074 0.6666666666666666 0.28935185185185186 0.6620370370370371 0.28935185185185186 0.6620370370370371 0.2847222222222222
0 0.9363425925925926 0.24537037037037038 0.006944444444444444 0.009259259259259259
0 0.24074074074074073 0.5 0.24305555555555555 0.5046296296296297 0.24074074074074073 0.5092592592592593 0.2337962962962963 0.5092592592592593 0.23148148148148148 0.5046296296296297 0.23842592592592593 0.5
0 0.4988425925925926 0.6238425925925926 0.006944444444444444 0.006944444444444444
0 0.9490740740740741 0.8032407407407407 0.9537037037037037 0.8032407407407407 0.9560185185185185 0.8055555555555556 0.9560185185185185 0.8101851851851852 0.9537037037037037 0.8125 0.9467592592592593 0.8078703703703703 0.9490740740740741 0.8055555555555556
0 0.07175925925925926 0.9583333333333334 0.0763888888888889 0.9629629629629629 0.0763888888888889 0.9722222222222222 0.07407407407407407 0.9745370370370371 0.06481481481481481 0.9745370370370371 0.0625 0.9722222222222222 0.0625 0.9606481481481481 0.06944444444444445 0.9583333333333334
0 0.09837962962962964 0.2673611111111111 0.006944444444444444 0.006944444444444444
0 0.4583333333333333 0.5972222222222222 0.46064814814814814 0.5995370370370371 0.46064814814814814 0.6064814814814815 0.45601851851851855 0.6087962962962963 0.4513888888888889 0.6064814814814815 0.4513888888888889 0.5995370370370371 0.45601851851851855 0.5972222222222222
0 0.16435185185185186 0.2800925925925926 0.16898148148148148 0.2800925925925926 0.16898148148148148 0.28703703703703703 0.16435185185185186 0.28703703703703703 0.16435185185185186 0.2824074074074074
0 0.2662037037037037 0.5324074074074074 0.2708333333333333 0.5347222222222222 0.2708333333333333 0.5393518518518519 0.26851851851851855 0.5416666666666666 0.2638888888888889 0.5393518518518519 0.2662037037037037 0.5347222222222222
0 0.47685185185185186 0.9560185185185185 0.009259259259259259 0.009259259259259259
0 0.9305555555555556 0.7199074074074074 0.009259259259259259 0.013888888888888888
0 0.6608796296296297 0.6504629629629629 0.006944444444444444 0.009259259259259259
0 0.6990740740740741 0.46064814814814814 0.009259259259259259 0.009259259259259259
0 0.4375 0.11805555555555555 0.009259259259259259 0.009259259259259259
0 0.9456018518518519 0.3368055555555556 0.011574074074074073 0.011574074074074073
0 0.6759259259259259 0.6481481481481481 0.6805555555555556 0.6481481481481481 0.6805555555555556 0.6550925925925926 0.6759259259259259 0.6550925925925926 0.6759259259259259 0.6504629629629629
0 0.5578703703703703 0.3958333333333333 0.5601851851851852 0.3958333333333333 0.5601851851851852 0.4050925925925926 0.5578703703703703 0.4050925925925926 0.5555555555555556 0.40046296296296297 0.5578703703703703 0.39814814814814814
0 0.5439814814814815 0.8402777777777778 0.5486111111111112 0.8402777777777778 0.5486111111111112 0.8472222222222222 0.5439814814814815 0.8472222222222222 0.5439814814814815 0.8425925925925926
0 0.8958333333333334 0.4791666666666667 0.8958333333333334 0.47453703703703703 0.8981481481481481 0.4722222222222222 0.9027777777777778 0.47453703703703703 0.9027777777777778 0.4791666666666667 0.8981481481481481 0.4791666666666667