0 0.9189814814814815 0.1875 0.9212962962962963 0.19444444444444445 0.9166666666666666 0.19907407407407407 0.9120370370370371 0.19907407407407407 0.9074074074074074 0.19444444444444445 0.9074074074074074 0.18981481481481483 0.9097222222222222 0.1875 0.9166666666666666 0.1875
0 0.5208333333333334 0.65625 0.009259259259259259 0.011574074074074073
0 0.22685185185185186 0.7824074074074074 0.009259259259259259 0.009259259259259259
0 0.3958333333333333 0.7476851851851852 0.009259259259259259 0.009259259259259259
0 0.5578703703703703 0.3194444444444444 0.5648148148148148 0.3194444444444444 0.5648148148148148 0.32407407407407407 0.5625 0.3263888888888889 0.5578703703703703 0.3263888888888889 0.5578703703703703 0.32175925925925924
0 0.6354166666666666 0.1724537037037037 0.006944444444444444 0.006944444444444444
0 0.9328703703703703 0.0625 0.9375 0.06944444444444445 0.9351851851851852 0.07175925925925926 0.9282407407407407 0.07175925925925926 0.9282407407407407 0.06481481481481481 0.9305555555555556 0.06481481481481481
0 0.8819444444444444 0.8819444444444444 0.8865740740740741 0.8819444444444444 0.8888888888888888 0.8842592592592593 0.8865740740740741 0.8888888888888888 0.8819444444444444 0.8888888888888888 0.8819444444444444 0.8842592592592593
0 0.8171296296296297 0.32407407407407407 0.8171296296296297 0.33101851851851855 0.8125 0.33101851851851855 0.8101851851851852 0.3287037037037037 0.8101851851851852 0.3263888888888889 0.8148148148148148 0.32407407407407407
0 0.5162037037037037 0.6226851851851852 0.009259259259259259 0.009259259259259259
0 0.8981481481481481 0.7962962962962963 0.009259259259259259 0.009259259259259259
0 0.8622685185185185 0.8391203703703703 0.006944444444444444 0.006944444444444444
0 0.032407407407407406 0.6851851851851852 0.013888888888888888 0.013888888888888888
0 0.3263888888888889 0.23842592592592593 0.3263888888888889 0.24537037037037038 0.32175925925925924 0.24537037037037038 0.3194444444444444 0.24305555555555555 0.3194444444444444 0.24074074074074073 0.32407407407407407 0.23842592592592593
0 0.03819444444444445 0.5266203703703703 0.006944444444444444 0.011574074074074073
0 0.30324074074074076 0.7777777777777778 0.009259259259259259 0.009259259259259259
0 0.8935185185185185 0.5231481481481481 0.009259259259259259 0.009259259259259259
0 0.20601851851851852 0.4791666666666667 0.21064814814814814 0.48148148148148145 0.21064814814814814 0.4861111111111111 0.20833333333333334 0.48842592592592593 0.2037037037037037 0.48842592592592593 0.2013888888888889 0.4861111111111111 0.2013888888888889 0.48148148148148145 0.2037037037037037 0.48148148148148145
0 0.5833333333333334 0.05324074074074074 0.5879629629629629 0.05324074074074074 0.5879629629629629 0.06018518518518518 0.5833333333333334 0.06018518518518518 0.5833333333333334 0.05555555555555555
0 0.7337962962962963 0.6435185185185185 0.7361111111111112 0.6458333333333334 0.7337962962962963 0.6504629629629629 0.7291666666666666 0.6504629629629629 0.7268518518518519 0.6481481481481481 0.7268518518518519 0.6458333333333334 0.7314814814814815 0.6435185185185185
0 0.09837962962962964 0.6099537037037037 0.006944444444444444 0.006944444444444444
0 0.34837962962962965 0.12268518518518519 0.006944444444444444 0.009259259259259259
0 0.7962962962962963 0.8888888888888888 0.009259259259259259 0.009259259259259259
0 0.7592592592592593 0.7025462962962963 0.009259259259259259 0.011574074074074073
0 0.8125 0.38657407407407407 0.8171296296296297 0.38657407407407407 0.8171296296296297 0.39351851851851855 0.8125 0.39351851851851855 0.8125 0.3888888888888889
0 0.7800925925925926 0.2569444444444444 0.7754629629629629 0.25462962962962965 0.7731481481481481 0.25 0.7754629629629629 0.24768518518518517 0.7824074074074074 0.24768518518518517 0.7847222222222222 0.25 0.7847222222222222 0.25462962962962965 0.7824074074074074 0.25462962962962965