0 0.8182870370370371 0.2013888888888889 0.006944444444444444 0.009259259259259259
0 0.7488425925925926 0.03935185185185185 0.006944444444444444 0.009259259259259259
0 0.21064814814814814 0.08333333333333333 0.2175925925925926 0.08333333333333333 0.2175925925925926 0.09027777777777778 0.21296296296296297 0.09027777777777778 0.21064814814814814 0.08564814814814815
0 0.3125 0.24074074074074073 0.31712962962962965 0.24074074074074073 0.3194444444444444 0.24305555555555555 0.31712962962962965 0.24768518518518517 0.3125 0.24768518518518517 0.3125 0.24305555555555555
0 0.4444444444444444 0.4930555555555556 0.44675925925925924 0.48842592592592593 0.4537037037037037 0.48842592592592593 0.4537037037037037 0.49537037037037035 0.44907407407407407 0.49537037037037035 0.44675925925925924 0.4930555555555556
0 0.9699074074074074 0.7407407407407407 0.9745370370370371 0.7407407407407407 0.9745370370370371 0.7476851851851852 0.9699074074074074 0.7476851851851852 0.9699074074074074 0.7430555555555556
0 0.5300925925925926 0.07175925925925926 0.009259259259259259 0.009259259259259259
0 0.1712962962962963 0.4027777777777778 0.1736111111111111 0.4050925925925926 0.1712962962962963 0.4097222222222222 0.16666666666666666 0.4097222222222222 0.16435185185185186 0.4074074074074074 0.16435185185185186 0.4050925925925926 0.16898148148148148 0.4027777777777778
0 0.10416666666666667 0.6643518518518519 0.1111111111111111 0.6643518518518519 0.1111111111111111 0.6712962962962963 0.1087962962962963 0.6736111111111112 0.10416666666666667 0.6712962962962963 0.10416666666666667 0.6666666666666666
0 0.3912037037037037 0.032407407407407406 0.40046296296296297 0.032407407407407406 0.4027777777777778 0.037037037037037035 0.40046296296296297 0.041666666666666664 0.39351851851851855 0.041666666666666664 0.3888888888888889 0.037037037037037035 0.3912037037037037 0.034722222222222224
0 0.5590277777777778 0.8287037037037037 0.006944444444444444 0.009259259259259259
0 0.5879629629629629 0.09259259259259259 0.009259259259259259 0.009259259259259259
0 0.7824074074074074 0.2175925925925926 0.7870370370370371 0.2175925925925926 0.7870370370370371 0.22453703703703703 0.7824074074074074 0.22453703703703703 0.7824074074074074 0.2199074074074074
0 0.7511574074074074 0.27662037037037035 0.006944444444444444 0.011574074074074073
0 0.6782407407407407 0.046296296296296294 0.6851851851851852 0.041666666666666664 0.6875 0.04398148148148148 0.6875 0.04861111111111111 0.6851851851851852 0.05092592592592592 0.6805555555555556 0.04861111111111111