0 0.9328703703703703 0.3055555555555556 0.009259259259259259 0.009259259259259259
0 0.8599537037037037 0.29282407407407407 0.006944444444444444 0.006944444444444444
0 0.41898148148148145 0.9537037037037037 0.4236111111111111 0.9583333333333334 0.4236111111111111 0.9629629629629629 0.41898148148148145 0.9675925925925926 0.41435185185185186 0.9675925925925926 0.4097222222222222 0.9606481481481481 0.4097222222222222 0.9583333333333334 0.4166666666666667 0.9537037037037037
0 0.5347222222222222 0.42592592592592593 0.009259259259259259 0.009259259259259259
0 0.25925925925925924 0.17592592592592593 0.26157407407407407 0.17824074074074073 0.25925925925925924 0.18287037037037038 0.25462962962962965 0.18287037037037038 0.2523148148148148 0.17824074074074073 0.2569444444444444 0.17592592592592593
0 0.14351851851851852 0.3449074074074074 0.14351851851851852 0.35185185185185186 0.1388888888888889 0.35185185185185186 0.13657407407407407 0.34953703703703703 0.13657407407407407 0.3472222222222222 0.1412037037037037 0.3449074074074074
0 0.38773148148148145 0.2673611111111111 0.006944444444444444 0.006944444444444444
0 0.4837962962962963 0.3912037037037037 0.009259259259259259 0.009259259259259259
0 0.6979166666666666 0.1724537037037037 0.006944444444444444 0.006944444444444444
0 0.40046296296296297 0.9189814814814815 0.40046296296296297 0.9143518518518519 0.4027777777777778 0.9120370370370371 0.4074074074074074 0.9143518518518519 0.4074074074074074 0.9189814814814815 0.4027777777777778 0.9189814814814815
0 0.1111111111111111 0.6550925925925926 0.11342592592592593 0.6574074074074074 0.11342592592592593 0.6643518518518519 0.1087962962962963 0.6712962962962963 0.09953703703703703 0.6712962962962963 0.09490740740740741 0.6666666666666666 0.09490740740740741 0.6597222222222222 0.09953703703703703 0.6550925925925926 0.10416666666666667 0.6527777777777778 0.1087962962962963 0.6550925925925926
0 0.8263888888888888 0.4791666666666667 0.8310185185185185 0.48148148148148145 0.8310185185185185 0.4861111111111111 0.8240740740740741 0.4861111111111111 0.8240740740740741 0.48148148148148145
0 0.3599537037037037 0.1099537037037037 0.006944444444444444 0.006944444444444444
0 0.7708333333333334 0.7129629629629629 0.7777777777777778 0.7129629629629629 0.7777777777777778 0.7175925925925926 0.7708333333333334 0.7175925925925926 0.7708333333333334 0.7152777777777778
0 0.06597222222222222 0.24421296296296297 0.006944444444444444 0.006944444444444444
0 0.7152777777777778 0.8356481481481481 0.7175925925925926 0.8379629629629629 0.7175925925925926 0.8449074074074074 0.7129629629629629 0.8495370370370371 0.7060185185185185 0.8495370370370371 0.7037037037037037 0.8472222222222222 0.7060185185185185 0.8379629629629629 0.7129629629629629 0.8356481481481481