0 0.5694444444444444 0.2847222222222222 0.5740740740740741 0.2847222222222222 0.5740740740740741 0.2916666666666667 0.5694444444444444 0.2916666666666667 0.5694444444444444 0.28703703703703703
0 0.9224537037037037 0.06365740740740741 0.006944444444444444 0.006944444444444444
0 0.5393518518518519 0.5057870370370371 0.009259259259259259 0.006944444444444444
0 0.7789351851851852 0.21875 0.006944444444444444 0.006944444444444444
0 0.4409722222222222 0.6400462962962963 0.006944444444444444 0.011574074074074073
0 0.1388888888888889 0.7465277777777778 0.009259259259259259 0.006944444444444444
0 0.9918981481481481 0.5150462962962963 0.006944444444444444 0.011574074074074073
0 0.28703703703703703 0.7268518518518519 0.29398148148148145 0.7268518518518519 0.29398148148148145 0.7337962962962963 0.2916666666666667 0.7361111111111112 0.28703703703703703 0.7361111111111112 0.2847222222222222 0.7337962962962963 0.28703703703703703 0.7291666666666666
0 0.7870370370370371 0.041666666666666664 0.009259259259259259 0.009259259259259259
0 0.1875 0.09490740740740741 0.19444444444444445 0.09490740740740741 0.19675925925925927 0.09722222222222222 0.19675925925925927 0.10185185185185185 0.19444444444444445 0.10416666666666667 0.18981481481481483 0.10416666666666667 0.1875 0.10185185185185185 0.1875 0.09722222222222222
0 0.4722222222222222 0.5995370370370371 0.009259259259259259 0.009259259259259259
0 0.5659722222222222 0.5081018518518519 0.006944444444444444 0.006944444444444444
0 0.6840277777777778 0.6099537037037037 0.006944444444444444 0.006944444444444444
0 0.20833333333333334 0.03009259259259259 0.20833333333333334 0.023148148148148147 0.21064814814814814 0.020833333333333332 0.2175925925925926 0.02546296296296296 0.2152777777777778 0.03009259259259259 0.21064814814814814 0.03009259259259259
0 0.06712962962962964 0.004629629629629629 0.06944444444444445 0.009259259259259259 0.06712962962962964 0.013888888888888888 0.0625 0.013888888888888888 0.06018518518518518 0.011574074074074073 0.06018518518518518 0.006944444444444444 0.06481481481481481 0.004629629629629629
0 0.6805555555555556 0.10185185185185185 0.6805555555555556 0.1111111111111111 0.6782407407407407 0.11342592592592593 0.6712962962962963 0.11342592592592593 0.6689814814814815 0.1111111111111111 0.6689814814814815 0.10416666666666667 0.6712962962962963 0.10185185185185185 0.6782407407407407 0.10185185185185185
0 0.6550925925925926 0.09953703703703703 0.009259259259259259 0.009259259259259259
0 0.8113425925925926 0.19675925925925927 0.006944444444444444 0.009259259259259259
0 0.7384259259259259 0.45949074074074076 0.009259259259259259 0.006944444444444444
0 0.20949074074074073 0.3472222222222222 0.006944444444444444 0.009259259259259259
0 0.9710648148148148 0.5092592592592593 0.006944444444444444 0.009259259259259259
0 0.4201388888888889 0.06365740740740741 0.006944444444444444 0.006944444444444444