0 0.7314814814814815 0.22453703703703703 0.7361111111111112 0.22453703703703703 0.7384259259259259 0.22685185185185186 0.7384259259259259 0.23148148148148148 0.7314814814814815 0.23148148148148148 0.7314814814814815 0.22685185185185186
0 0.5046296296296297 0.30671296296296297 0.009259259259259259 0.006944444444444444
0 0.24189814814814814 0.11458333333333333 0.006944444444444444 0.006944444444444444
0 0.4074074074074074 0.5763888888888888 0.009259259259259259 0.009259259259259259
0 0.18518518518518517 0.05092592592592592 0.19212962962962962 0.05092592592592592 0.19212962962962962 0.05555555555555555 0.18518518518518517 0.05555555555555555 0.18518518518518517 0.05324074074074074
0 0.3472222222222222 0.6296296296296297 0.3541666666666667 0.6296296296296297 0.3541666666666667 0.6365740740740741 0.3472222222222222 0.6365740740740741 0.3449074074074074 0.6342592592592593 0.3472222222222222 0.6319444444444444
0 0.3298611111111111 0.23032407407407407 0.006944444444444444 0.006944444444444444
0 0.5439814814814815 0.3101851851851852 0.5486111111111112 0.3101851851851852 0.5509259259259259 0.3125 0.5509259259259259 0.31712962962962965 0.5462962962962963 0.31712962962962965 0.5439814814814815 0.3125
0 0.7662037037037037 0.5405092592592593 0.013888888888888888 0.011574074074074073
0 0.3599537037037037 0.1261574074074074 0.006944444444444444 0.006944444444444444
0 0.38425925925925924 0.7372685185185185 0.009259259259259259 0.006944444444444444
0 0.5763888888888888 0.23148148148148148 0.5787037037037037 0.2337962962962963 0.5787037037037037 0.23842592592592593 0.5717592592592593 0.23842592592592593 0.5694444444444444 0.2361111111111111 0.5694444444444444 0.2337962962962963 0.5740740740740741 0.23148148148148148
0 0.1875 0.9074074074074074 0.19212962962962962 0.9143518518518519 0.18518518518518517 0.9189814814814815 0.17824074074074073 0.9143518518518519 0.18055555555555555 0.9097222222222222 0.18518518518518517 0.9074074074074074