0 0.7222222222222222 0.17824074074074073 0.7268518518518519 0.17824074074074073 0.7291666666666666 0.18055555555555555 0.7291666666666666 0.18518518518518517 0.7222222222222222 0.18518518518518517 0.7199074074074074 0.18287037037037038 0.7222222222222222 0.18055555555555555
0 0.05555555555555555 0.40162037037037035 0.009259259259259259 0.011574074074074073
0 0.23148148148148148 0.4340277777777778 0.009259259259259259 0.006944444444444444
0 0.08680555555555555 0.5428240740740741 0.006944444444444444 0.006944444444444444
0 0.19212962962962962 0.14351851851851852 0.19212962962962962 0.1388888888888889 0.19444444444444445 0.13657407407407407 0.2013888888888889 0.1412037037037037 0.19907407407407407 0.14351851851851852 0.19444444444444445 0.14351851851851852
0 0.9571759259259259 0.5567129629629629 0.006944444444444444 0.006944444444444444
0 0.4976851851851852 0.3611111111111111 0.4976851851851852 0.3541666666666667 0.5 0.35185185185185186 0.5046296296296297 0.3541666666666667 0.5046296296296297 0.3587962962962963 0.5 0.3611111111111111
0 0.31828703703703703 0.6782407407407407 0.006944444444444444 0.009259259259259259
0 0.2199074074074074 0.49537037037037035 0.22453703703703703 0.5 0.22453703703703703 0.5046296296296297 0.2152777777777778 0.5046296296296297 0.2152777777777778 0.5 0.2175925925925926 0.4976851851851852
0 0.8333333333333334 0.48726851851851855 0.009259259259259259 0.006944444444444444
0 0.9247685185185185 0.9050925925925926 0.006944444444444444 0.009259259259259259
0 0.24537037037037038 0.16666666666666666 0.013888888888888888 0.013888888888888888
0 0.7337962962962963 0.6469907407407407 0.009259259259259259 0.006944444444444444
0 0.39814814814814814 0.3773148148148148 0.4027777777777778 0.3773148148148148 0.4050925925925926 0.37962962962962965 0.4050925925925926 0.38425925925925924 0.3958333333333333 0.38425925925925924 0.39814814814814814 0.37962962962962965
0 0.08680555555555555 0.032407407407407406 0.011574074074074073 0.009259259259259259
0 0.5949074074074074 0.2800925925925926 0.009259259259259259 0.009259259259259259
0 0.2511574074074074 0.8958333333333334 0.006944444444444444 0.009259259259259259