0 0.6516203703703703 0.5347222222222222 0.006944444444444444 0.009259259259259259
0 0.2222222222222222 0.3425925925925926 0.22685185185185186 0.3425925925925926 0.22916666666666666 0.3449074074074074 0.22685185185185186 0.34953703703703703 0.2222222222222222 0.34953703703703703 0.2222222222222222 0.3449074074074074
0 0.5243055555555556 0.29398148148148145 0.006944444444444444 0.009259259259259259
0 0.7523148148148148 0.7824074074074074 0.7546296296296297 0.7847222222222222 0.7523148148148148 0.7916666666666666 0.7476851851851852 0.7916666666666666 0.7476851851851852 0.7847222222222222 0.75 0.7847222222222222
0 0.2638888888888889 0.4131944444444444 0.009259259259259259 0.006944444444444444
0 0.2349537037037037 0.4409722222222222 0.006944444444444444 0.006944444444444444
0 0.4699074074074074 0.17592592592592593 0.009259259259259259 0.009259259259259259
0 0.09837962962962964 0.6990740740740741 0.006944444444444444 0.009259259259259259
0 0.6099537037037037 0.8159722222222222 0.006944444444444444 0.006944444444444444
0 0.7824074074074074 0.7870370370370371 0.7824074074074074 0.7824074074074074 0.7847222222222222 0.7800925925925926 0.7893518518518519 0.7824074074074074 0.7893518518518519 0.7870370370370371 0.7847222222222222 0.7870370370370371
0 0.7407407407407407 0.9027777777777778 0.7430555555555556 0.9050925925925926 0.7407407407407407 0.9097222222222222 0.7361111111111112 0.9097222222222222 0.7337962962962963 0.9074074074074074 0.7337962962962963 0.9050925925925926 0.7384259259259259 0.9027777777777778
0 0.27546296296296297 0.7962962962962963 0.2800925925925926 0.7939814814814815 0.2847222222222222 0.7962962962962963 0.2847222222222222 0.8009259259259259 0.2824074074074074 0.8032407407407407 0.2777777777777778 0.8032407407407407 0.27546296296296297 0.7986111111111112
0 0.7384259259259259 0.9583333333333334 0.7430555555555556 0.9606481481481481 0.7430555555555556 0.9722222222222222 0.7361111111111112 0.9722222222222222 0.7314814814814815 0.9675925925925926 0.7314814814814815 0.9629629629629629 0.7361111111111112 0.9606481481481481
0 0.7766203703703703 0.7164351851851852 0.006944444444444444 0.006944444444444444
0 0.9583333333333334 0.5879629629629629 0.009259259259259259 0.009259259259259259