0 0.7210648148148148 0.21296296296296297 0.006944444444444444 0.009259259259259259
0 0.20601851851851852 0.2638888888888889 0.21296296296296297 0.2638888888888889 0.2152777777777778 0.2662037037037037 0.2152777777777778 0.2708333333333333 0.21296296296296297 0.27314814814814814 0.20601851851851852 0.27314814814814814 0.20601851851851852 0.2662037037037037
0 0.32175925925925924 0.17592592592592593 0.3287037037037037 0.17592592592592593 0.3287037037037037 0.18055555555555555 0.3263888888888889 0.18287037037037038 0.32175925925925924 0.18287037037037038 0.3194444444444444 0.18055555555555555 0.32175925925925924 0.17824074074074073
0 0.2337962962962963 0.3055555555555556 0.009259259259259259 0.009259259259259259
0 0.4861111111111111 0.14351851851851852 0.48148148148148145 0.15046296296296297 0.47685185185185186 0.15046296296296297 0.47685185185185186 0.14351851851851852 0.4791666666666667 0.1412037037037037 0.4837962962962963 0.14351851851851852
0 0.12037037037037036 0.27314814814814814 0.125 0.27314814814814814 0.12731481481481483 0.27546296296296297 0.12731481481481483 0.2800925925925926 0.12037037037037036 0.2800925925925926 0.12037037037037036 0.27546296296296297
0 0.9108796296296297 0.8229166666666666 0.011574074074074073 0.011574074074074073
0 0.42592592592592593 0.7430555555555556 0.42824074074074076 0.7453703703703703 0.42824074074074076 0.75 0.42592592592592593 0.7523148148148148 0.4212962962962963 0.7523148148148148 0.41898148148148145 0.75 0.41898148148148145 0.7453703703703703 0.4236111111111111 0.7430555555555556
0 0.28703703703703703 0.21296296296296297 0.2916666666666667 0.21296296296296297 0.2916666666666667 0.2199074074074074 0.2847222222222222 0.2199074074074074 0.28703703703703703 0.2152777777777778
0 0.35648148148148145 0.4236111111111111 0.3611111111111111 0.4236111111111111 0.36342592592592593 0.42592592592592593 0.3611111111111111 0.4305555555555556 0.35648148148148145 0.4305555555555556 0.35648148148148145 0.42592592592592593
0 0.8310185185185185 0.36574074074074076 0.009259259259259259 0.009259259259259259
0 0.4479166666666667 0.05555555555555555 0.011574074074074073 0.009259259259259259
0 0.9259259259259259 0.5416666666666666 0.9282407407407407 0.5370370370370371 0.9351851851851852 0.5370370370370371 0.9351851851851852 0.5416666666666666 0.9328703703703703 0.5439814814814815 0.9282407407407407 0.5416666666666666
0 0.7824074074074074 0.4074074074074074 0.009259259259259259 0.009259259259259259