0 0.8935185185185185 0.2152777777777778 0.8981481481481481 0.2199074074074074 0.8981481481481481 0.22453703703703703 0.8935185185185185 0.22916666666666666 0.8819444444444444 0.22916666666666666 0.8819444444444444 0.2175925925925926 0.8842592592592593 0.2152777777777778 0.8912037037037037 0.2152777777777778
0 0.4513888888888889 0.5879629629629629 0.009259259259259259 0.009259259259259259
0 0.7800925925925926 0.24768518518518517 0.7800925925925926 0.2523148148148148 0.7777777777777778 0.25462962962962965 0.7731481481481481 0.25462962962962965 0.7731481481481481 0.25 0.7777777777777778 0.24768518518518517
0 0.29398148148148145 0.5092592592592593 0.2986111111111111 0.5092592592592593 0.2986111111111111 0.5162037037037037 0.29398148148148145 0.5162037037037037 0.29398148148148145 0.5115740740740741
0 0 0.5300925925925926 0.004629629629629629 0.5300925925925926 0.004629629629629629 0.5370370370370371 0 0.5370370370370371 0 0.5324074074074074
0 0.8449074074074074 0.8009259259259259 0.8472222222222222 0.8055555555555556 0.8425925925925926 0.8101851851851852 0.8379629629629629 0.8055555555555556 0.8379629629629629 0.8032407407407407 0.8425925925925926 0.8009259259259259
0 0.8287037037037037 0.7384259259259259 0.009259259259259259 0.013888888888888888
0 0.8819444444444444 0.05787037037037037 0.8888888888888888 0.05787037037037037 0.8912037037037037 0.06018518518518518 0.8842592592592593 0.06712962962962964 0.8819444444444444 0.06481481481481481 0.8819444444444444 0.06018518518518518
0 0.04513888888888889 0.7800925925925926 0.006944444444444444 0.009259259259259259
0 0.3263888888888889 0.8726851851851852 0.3287037037037037 0.875 0.3287037037037037 0.8796296296296297 0.3263888888888889 0.8819444444444444 0.3194444444444444 0.8819444444444444 0.3194444444444444 0.875 0.32407407407407407 0.8726851851851852
0 0.5613425925925926 0.4618055555555556 0.006944444444444444 0.006944444444444444
0 0.4826388888888889 0.6805555555555556 0.006944444444444444 0.009259259259259259
0 0.6354166666666666 0.6875 0.006944444444444444 0.009259259259259259
0 0.7037037037037037 0.8587962962962963 0.009259259259259259 0.009259259259259259
0 0.3449074074074074 0.08680555555555555 0.009259259259259259 0.006944444444444444
0 0.09259259259259259 0.2175925925925926 0.09722222222222222 0.22453703703703703 0.09027777777777778 0.22685185185185186 0.08796296296296297 0.22453703703703703 0.08796296296296297 0.2199074074074074 0.09027777777777778 0.2199074074074074
0 0.4988425925925926 0.24305555555555555 0.006944444444444444 0.009259259259259259
0 0.28703703703703703 0.4444444444444444 0.28935185185185186 0.44907407407407407 0.28703703703703703 0.45601851851851855 0.2824074074074074 0.45601851851851855 0.2800925925925926 0.4537037037037037 0.2800925925925926 0.44675925925925924 0.2847222222222222 0.4444444444444444