0 0.7708333333333334 0.3993055555555556 0.009259259259259259 0.011574074074074073
0 0.14699074074074073 0.8032407407407407 0.006944444444444444 0.009259259259259259
0 0.5659722222222222 0.7719907407407407 0.006944444444444444 0.006944444444444444
0 0.13541666666666666 0.9178240740740741 0.006944444444444444 0.006944444444444444
0 0.35532407407407407 0.5335648148148148 0.006944444444444444 0.006944444444444444
0 0.2569444444444444 0.625 0.26157407407407407 0.625 0.26157407407407407 0.6319444444444444 0.2569444444444444 0.6319444444444444 0.2569444444444444 0.6273148148148148
0 0.7743055555555556 0.45949074074074076 0.006944444444444444 0.006944444444444444
0 0.21064814814814814 0.5231481481481481 0.009259259259259259 0.009259259259259259
0 0.8275462962962963 0.4074074074074074 0.006944444444444444 0.004629629629629629
0 0.49074074074074076 0.09027777777777778 0.009259259259259259 0.009259259259259259
0 0.5451388888888888 0.18981481481481483 0.011574074074074073 0.009259259259259259