0 0.08449074074074074 0.44328703703703703 0.006944444444444444 0.006944444444444444
0 0.7708333333333334 0.7268518518518519 0.7800925925925926 0.7268518518518519 0.7800925925925926 0.7361111111111112 0.7731481481481481 0.7361111111111112 0.7708333333333334 0.7291666666666666
0 0.9340277777777778 0.7581018518518519 0.006944444444444444 0.006944444444444444
0 0.35532407407407407 0.9548611111111112 0.006944444444444444 0.006944444444444444
0 0.3900462962962963 0.9155092592592593 0.006944444444444444 0.006944444444444444
0 0.42939814814814814 0.8611111111111112 0.006944444444444444 0.004629629629629629
0 0.05555555555555555 0.7592592592592593 0.009259259259259259 0.009259259259259259
0 0.5185185185185185 0.8912037037037037 0.004629629629629629 0.004629629629629629
0 0.21412037037037038 0.9467592592592593 0.006944444444444444 0.009259259259259259
0 0.30671296296296297 0.28935185185185186 0.006944444444444444 0.004629629629629629
0 0.08333333333333333 0.5081018518518519 0.009259259259259259 0.006944444444444444
0 0.046296296296296294 0.5555555555555556 0.04861111111111111 0.5578703703703703 0.04861111111111111 0.5625 0.046296296296296294 0.5648148148148148 0.041666666666666664 0.5648148148148148 0.03935185185185185 0.5625 0.03935185185185185 0.5578703703703703 0.04398148148148148 0.5555555555555556
0 0.9375 0.5254629629629629 0.9444444444444444 0.5254629629629629 0.9444444444444444 0.5300925925925926 0.9421296296296297 0.5324074074074074 0.9375 0.5324074074074074 0.9375 0.5277777777777778
0 0.6712962962962963 0.2337962962962963 0.6782407407407407 0.2337962962962963 0.6782407407407407 0.23842592592592593 0.6759259259259259 0.24074074074074073 0.6712962962962963 0.24074074074074073 0.6712962962962963 0.2361111111111111
0 0.7245370370370371 0.7361111111111112 0.009259259259259259 0.009259259259259259
0 0.6504629629629629 0.03125 0.004629629629629629 0.006944444444444444
0 0.9675925925925926 0.6192129629629629 0.004629629629629629 0.006944444444444444