0 0.8206018518518519 0.32407407407407407 0.016203703703703703 0.013888888888888888
0 0.5277777777777778 0.046296296296296294 0.5300925925925926 0.04861111111111111 0.5300925925925926 0.05555555555555555 0.5231481481481481 0.05555555555555555 0.5185185185185185 0.05092592592592592 0.5185185185185185 0.046296296296296294 0.5208333333333334 0.04398148148148148 0.5254629629629629 0.046296296296296294
0 0.35648148148148145 0.3888888888888889 0.36342592592592593 0.38657407407407407 0.3611111111111111 0.39814814814814814 0.35648148148148145 0.39814814814814814 0.35648148148148145 0.3912037037037037
0 0.9629629629629629 0.5347222222222222 0.9675925925925926 0.5393518518518519 0.9675925925925926 0.5462962962962963 0.9606481481481481 0.5509259259259259 0.9537037037037037 0.5462962962962963 0.9537037037037037 0.5393518518518519 0.9606481481481481 0.5347222222222222
0 0.2013888888888889 0.7129629629629629 0.20833333333333334 0.7129629629629629 0.20833333333333334 0.7222222222222222 0.20601851851851852 0.7245370370370371 0.2013888888888889 0.7245370370370371 0.19907407407407407 0.7199074074074074 0.2013888888888889 0.7152777777777778
0 0.34837962962962965 0.6099537037037037 0.006944444444444444 0.006944444444444444
0 0.2800925925925926 0.4976851851851852 0.2800925925925926 0.49074074074074076 0.2824074074074074 0.48842592592592593 0.28935185185185186 0.48842592592592593 0.2916666666666667 0.49074074074074076 0.2916666666666667 0.49537037037037035 0.28935185185185186 0.4976851851851852 0.2824074074074074 0.4976851851851852
0 0.9768518518518519 0.1388888888888889 0.9837962962962963 0.1388888888888889 0.9837962962962963 0.14583333333333334 0.9814814814814815 0.14814814814814814 0.9768518518518519 0.14814814814814814 0.9768518518518519 0.1412037037037037
0 0.40162037037037035 0.23148148148148148 0.006944444444444444 0.009259259259259259
0 0.8773148148148148 0.5949074074074074 0.8819444444444444 0.5949074074074074 0.8842592592592593 0.5995370370370371 0.8819444444444444 0.6018518518518519 0.8773148148148148 0.6018518518518519 0.8773148148148148 0.5972222222222222
0 0.5208333333333334 0.4976851851851852 0.5208333333333334 0.5046296296296297 0.5185185185185185 0.5069444444444444 0.5138888888888888 0.5046296296296297 0.5138888888888888 0.5 0.5185185185185185 0.4976851851851852
0 0.6157407407407407 0.05787037037037037 0.6203703703703703 0.0625 0.6203703703703703 0.06944444444444445 0.6157407407407407 0.07407407407407407 0.6111111111111112 0.07407407407407407 0.6064814814814815 0.06944444444444445 0.6064814814814815 0.0625 0.6134259259259259 0.05787037037037037
1 0.7592592592592593 0.48842592592592593 0.7638888888888888 0.48148148148148145 0.7777777777777778 0.48148148148148145 0.7800925925925926 0.4791666666666667 0.8009259259259259 0.47685185185185186 0.8032407407407407 0.47453703703703703 0.8148148148148148 0.47453703703703703 0.8148148148148148 0.4791666666666667 0.8078703703703703 0.4791666666666667 0.8055555555555556 0.48148148148148145 0.7893518518518519 0.4837962962962963 0.7870370370370371 0.4861111111111111 0.7708333333333334 0.4861111111111111 0.7685185185185185 0.48842592592592593 0.7615740740740741 0.48842592592592593