0 0.6400462962962963 0.27662037037037035 0.006944444444444444 0.011574074074074073
0 0.009259259259259259 0.24537037037037038 0.018518518518518517 0.24537037037037038 0.016203703703703703 0.25 0.011574074074074073 0.25 0.009259259259259259 0.24768518518518517
0 0.5208333333333334 0.37962962962962965 0.5185185185185185 0.375 0.5208333333333334 0.37037037037037035 0.5231481481481481 0.37037037037037035 0.5231481481481481 0.37962962962962965
0 0.12731481481481483 0.14930555555555555 0.009259259259259259 0.006944444444444444
0 0.024305555555555556 0.5115740740740741 0.006944444444444444 0.009259259259259259
0 0.9641203703703703 0.6921296296296297 0.006944444444444444 0.009259259259259259
0 0.21064814814814814 0.20949074074074073 0.004629629629629629 0.006944444444444444
0 0.4675925925925926 0.0023148148148148147 0.47453703703703703 0.006944444444444444 0.4722222222222222 0.011574074074074073 0.4675925925925926 0.011574074074074073 0.4652777777777778 0.009259259259259259 0.4675925925925926 0.004629629629629629
0 0.14814814814814814 0.3287037037037037 0.15046296296296297 0.33101851851851855 0.15046296296296297 0.33564814814814814 0.14583333333333334 0.33796296296296297 0.14351851851851852 0.33564814814814814 0.14351851851851852 0.33101851851851855 0.14583333333333334 0.33101851851851855
0 0.1388888888888889 0.4861111111111111 0.14351851851851852 0.4861111111111111 0.14814814814814814 0.49074074074074076 0.14814814814814814 0.4930555555555556 0.1388888888888889 0.49537037037037035 0.1388888888888889 0.48842592592592593
0 0.625 0.44675925925925924 0.6296296296296297 0.4513888888888889 0.6296296296296297 0.4583333333333333 0.625 0.46296296296296297 0.6157407407407407 0.46296296296296297 0.6111111111111112 0.4537037037037037 0.6157407407407407 0.44675925925925924 0.6226851851851852 0.44675925925925924
0 0.1875 0.6712962962962963 0.009259259259259259 0.009259259259259259
0 0.7280092592592593 0.39814814814814814 0.011574074074074073 0.009259259259259259