0 0.5150462962962963 0.6909722222222222 0.006944444444444444 0.006944444444444444
0 0.5578703703703703 0.7870370370370371 0.009259259259259259 0.009259259259259259
0 0.2835648148148148 0.5462962962962963 0.006944444444444444 0.009259259259259259
0 0.18518518518518517 0.41435185185185186 0.18981481481481483 0.41435185185185186 0.18981481481481483 0.4212962962962963 0.18518518518518517 0.4212962962962963 0.18518518518518517 0.4166666666666667
0 0.3148148148148148 0.3472222222222222 0.3194444444444444 0.3472222222222222 0.32175925925925924 0.34953703703703703 0.32175925925925924 0.35648148148148145 0.3194444444444444 0.3587962962962963 0.3148148148148148 0.35648148148148145 0.3125 0.35185185185185186 0.3148148148148148 0.34953703703703703
0 0.4548611111111111 0.5555555555555556 0.006944444444444444 0.009259259259259259
0 0.7974537037037037 0.2986111111111111 0.006944444444444444 0.009259259259259259
0 0.4699074074074074 0.39814814814814814 0.47453703703703703 0.39814814814814814 0.47685185185185186 0.40046296296296297 0.47453703703703703 0.4050925925925926 0.4699074074074074 0.4050925925925926 0.4699074074074074 0.40046296296296297
0 0.7418981481481481 0.1261574074074074 0.006944444444444444 0.006944444444444444
0 0.75 0.46064814814814814 0.009259259259259259 0.009259259259259259
0 0.4409722222222222 0.20717592592592593 0.006944444444444444 0.006944444444444444
0 0.9814814814814815 0.1550925925925926 0.9814814814814815 0.16435185185185186 0.9768518518518519 0.16435185185185186 0.9745370370370371 0.16203703703703703 0.9745370370370371 0.1574074074074074 0.9791666666666666 0.1550925925925926
0 0.4085648148148148 0.25810185185185186 0.006944444444444444 0.006944444444444444
0 0.7604166666666666 0.3229166666666667 0.006944444444444444 0.006944444444444444
0 0.6875 0.9780092592592593 0.009259259259259259 0.006944444444444444
0 0.6215277777777778 0.9745370370370371 0.006944444444444444 0.009259259259259259
0 0.3715277777777778 0.8194444444444444 0.006944444444444444 0.009259259259259259