0 0.3923611111111111 0.8182870370370371 0.011574074074074073 0.011574074074074073
0 0.05324074074074074 0.3449074074074074 0.05787037037037037 0.3425925925925926 0.0625 0.3449074074074074 0.0625 0.35185185185185186 0.06018518518518518 0.3541666666666667 0.05555555555555555 0.3541666666666667 0.05324074074074074 0.35185185185185186 0.05324074074074074 0.3472222222222222
0 0.7708333333333334 0.7638888888888888 0.7777777777777778 0.7638888888888888 0.7777777777777778 0.7685185185185185 0.7754629629629629 0.7708333333333334 0.7731481481481481 0.7708333333333334 0.7708333333333334 0.7662037037037037
0 0.9907407407407407 0.5925925925925926 0.9907407407407407 0.6018518518518519 0.9837962962962963 0.6018518518518519 0.9814814814814815 0.5995370370370371 0.9814814814814815 0.5972222222222222 0.9884259259259259 0.5925925925925926
0 0.8055555555555556 0.8553240740740741 0.009259259259259259 0.006944444444444444
0 0.9328703703703703 0.5370370370370371 0.9328703703703703 0.5324074074074074 0.9351851851851852 0.5300925925925926 0.9398148148148148 0.5324074074074074 0.9398148148148148 0.5370370370370371 0.9351851851851852 0.5370370370370371
0 0.43287037037037035 0.13425925925925927 0.4351851851851852 0.13425925925925927 0.4375 0.1388888888888889 0.4351851851851852 0.14351851851851852 0.43287037037037035 0.14351851851851852 0.43287037037037035 0.13657407407407407
0 0.5671296296296297 0.6979166666666666 0.009259259259259259 0.006944444444444444
0 0.7430555555555556 0.7476851851851852 0.009259259259259259 0.009259259259259259
0 0.5439814814814815 0.1284722222222222 0.009259259259259259 0.006944444444444444
0 0.20023148148148148 0.8576388888888888 0.006944444444444444 0.006944444444444444