0 0.15046296296296297 0.7523148148148148 0.1550925925925926 0.7523148148148148 0.1574074074074074 0.7569444444444444 0.1550925925925926 0.7615740740740741 0.15046296296296297 0.7615740740740741 0.14814814814814814 0.7569444444444444 0.15046296296296297 0.7546296296296297
0 0.42939814814814814 0.8842592592592593 0.006944444444444444 0.009259259259259259
0 0.6875 0.25810185185185186 0.009259259259259259 0.006944444444444444
0 0.7824074074074074 0.2673611111111111 0.009259259259259259 0.006944444444444444
0 0.10300925925925926 0.6840277777777778 0.006944444444444444 0.006944444444444444
0 0.38425925925925924 0.2662037037037037 0.009259259259259259 0.009259259259259259
0 0.9444444444444444 0.7847222222222222 0.9490740740740741 0.7847222222222222 0.9513888888888888 0.7870370370370371 0.9490740740740741 0.7916666666666666 0.9444444444444444 0.7916666666666666 0.9444444444444444 0.7870370370370371
0 0.6192129629629629 0.017361111111111112 0.016203703703703703 0.016203703703703703
0 0.43287037037037035 0.22106481481481483 0.009259259259259259 0.006944444444444444
0 0.8217592592592593 0.5324074074074074 0.009259259259259259 0.009259259259259259
0 0.7465277777777778 0.1527777777777778 0.006944444444444444 0.009259259259259259
0 0.23148148148148148 0.5254629629629629 0.2361111111111111 0.5254629629629629 0.23842592592592593 0.5300925925925926 0.2337962962962963 0.5370370370370371 0.22916666666666666 0.5324074074074074 0.23148148148148148 0.5277777777777778