0 0.49537037037037035 0.4340277777777778 0.009259259259259259 0.006944444444444444
0 0.08217592592592593 0.5972222222222222 0.011574074074074073 0.009259259259259259
0 0.17939814814814814 0.06365740740740741 0.006944444444444444 0.006944444444444444
0 0.4039351851851852 0.6331018518518519 0.006944444444444444 0.006944444444444444
0 0.8125 0.7453703703703703 0.8194444444444444 0.7453703703703703 0.8217592592592593 0.7476851851851852 0.8171296296296297 0.7546296296296297 0.8125 0.7546296296296297 0.8125 0.7476851851851852
0 0.11921296296296297 0.8194444444444444 0.006944444444444444 0.004629629629629629
0 0.2951388888888889 0.8692129629629629 0.006944444444444444 0.006944444444444444
0 0.17592592592592593 0.8020833333333334 0.004629629629629629 0.006944444444444444
0 0.21643518518518517 0.8680555555555556 0.006944444444444444 0.004629629629629629
0 0.3854166666666667 0.8900462962962963 0.006944444444444444 0.006944444444444444
0 0.7604166666666666 0.4548611111111111 0.006944444444444444 0.006944444444444444
0 0.4074074074074074 0.9120370370370371 0.4074074074074074 0.9166666666666666 0.4050925925925926 0.9189814814814815 0.40046296296296297 0.9189814814814815 0.40046296296296297 0.9143518518518519 0.4050925925925926 0.9120370370370371
0 0.7696759259259259 0.1909722222222222 0.006944444444444444 0.006944444444444444
0 0.8009259259259259 0.8206018518518519 0.009259259259259259 0.006944444444444444