0 0.9537037037037037 0.12152777777777778 0.013888888888888888 0.016203703703703703
0 0.09490740740740741 0.4756944444444444 0.009259259259259259 0.011574074074074073
0 0.4398148148148148 0.019675925925925927 0.009259259259259259 0.006944444444444444
0 0.875 0.7453703703703703 0.8842592592592593 0.7453703703703703 0.8842592592592593 0.7546296296296297 0.875 0.7546296296296297 0.8726851851851852 0.75 0.875 0.7476851851851852
0 0.03935185185185185 0.3020833333333333 0.009259259259259259 0.011574074074074073
0 0.6481481481481481 0.7268518518518519 0.6527777777777778 0.7337962962962963 0.6481481481481481 0.7384259259259259 0.6435185185185185 0.7384259259259259 0.6435185185185185 0.7314814814814815 0.6458333333333334 0.7291666666666666
0 0.1087962962962963 0.5069444444444444 0.11342592592592593 0.5069444444444444 0.11574074074074074 0.5092592592592593 0.11342592592592593 0.5138888888888888 0.1087962962962963 0.5138888888888888 0.1087962962962963 0.5092592592592593
0 0.6574074074074074 0.44675925925925924 0.6574074074074074 0.4398148148148148 0.6597222222222222 0.4375 0.6666666666666666 0.4375 0.6689814814814815 0.4398148148148148 0.6643518518518519 0.44675925925925924 0.6597222222222222 0.44675925925925924
0 0.6689814814814815 0.39699074074074076 0.023148148148148147 0.020833333333333332
0 0.6539351851851852 0.5243055555555556 0.016203703703703703 0.020833333333333332
0 0.7361111111111112 0.7337962962962963 0.7407407407407407 0.7337962962962963 0.7384259259259259 0.7430555555555556 0.7361111111111112 0.7361111111111112
0 0.6018518518518519 0.4097222222222222 0.6041666666666666 0.41203703703703703 0.6041666666666666 0.4212962962962963 0.5995370370370371 0.4212962962962963 0.5972222222222222 0.4166666666666667 0.5995370370370371 0.41203703703703703
0 0.5949074074074074 0.9768518518518519 0.013888888888888888 0.013888888888888888
0 0.5601851851851852 0.19675925925925927 0.5625 0.20601851851851852 0.5601851851851852 0.21064814814814814 0.5555555555555556 0.21296296296296297 0.5509259259259259 0.21064814814814814 0.5486111111111112 0.2013888888888889 0.5532407407407407 0.19444444444444445 0.5578703703703703 0.19675925925925927
0 0.6504629629629629 0.24768518518518517 0.6550925925925926 0.24768518518518517 0.6574074074074074 0.2523148148148148 0.6550925925925926 0.2569444444444444 0.6504629629629629 0.2569444444444444 0.6504629629629629 0.25
0 0.7337962962962963 0.6134259259259259 0.7361111111111112 0.6157407407407407 0.7337962962962963 0.6203703703703703 0.7291666666666666 0.6203703703703703 0.7268518518518519 0.6180555555555556 0.7268518518518519 0.6157407407407407 0.7314814814814815 0.6134259259259259
0 0.2847222222222222 0.49074074074074076 0.28703703703703703 0.4930555555555556 0.28703703703703703 0.4976851851851852 0.2824074074074074 0.5 0.2777777777777778 0.4976851851851852 0.2777777777777778 0.4930555555555556 0.2824074074074074 0.49074074074074076