0 0.8888888888888888 0.6412037037037037 0.8935185185185185 0.6412037037037037 0.8958333333333334 0.6435185185185185 0.8958333333333334 0.6481481481481481 0.8888888888888888 0.6481481481481481 0.8865740740740741 0.6458333333333334 0.8888888888888888 0.6435185185185185
0 0.24305555555555555 0 0.24768518518518517 0 0.24768518518518517 0.011574074074074073 0.24074074074074073 0.009259259259259259 0.24074074074074073 0.004629629629629629 0.24305555555555555 0.0023148148148148147
0 0.47685185185185186 0.5972222222222222 0.4837962962962963 0.5972222222222222 0.48842592592592593 0.6041666666666666 0.4837962962962963 0.6111111111111112 0.48148148148148145 0.6087962962962963 0.47685185185185186 0.6087962962962963 0.47685185185185186 0.5995370370370371
0 0.6157407407407407 0.5335648148148148 0.004629629629629629 0.006944444444444444
0 0.6550925925925926 0.8101851851851852 0.009259259259259259 0.009259259259259259
0 0.38425925925925924 0.5763888888888888 0.009259259259259259 0.009259259259259259
0 0.5486111111111112 0.19675925925925927 0.009259259259259259 0.009259259259259259
0 0.12152777777777778 0.48148148148148145 0.006944444444444444 0.009259259259259259
0 0.09259259259259259 0.5254629629629629 0.09490740740740741 0.5277777777777778 0.09490740740740741 0.5324074074074074 0.09027777777777778 0.5347222222222222 0.08796296296296297 0.5324074074074074 0.08796296296296297 0.5277777777777778 0.09027777777777778 0.5277777777777778
0 0.3738425925925926 0.53125 0.006944444444444444 0.006944444444444444
1 0.0023148148148148147 0.8055555555555556 0.004629629629629629 0.8032407407407407 0.011574074074074073 0.8032407407407407 0.032407407407407406 0.8171296296296297 0.041666666666666664 0.8194444444444444 0.046296296296296294 0.8263888888888888 0.034722222222222224 0.8240740740740741 0.009259259259259259 0.8101851851851852 0.004629629629629629 0.8055555555555556