0 0.8113425925925926 0.41087962962962965 0.006944444444444444 0.006944444444444444
0 0.3784722222222222 0.2569444444444444 0.006944444444444444 0.009259259259259259
0 0.8495370370370371 0.5925925925925926 0.8495370370370371 0.5995370370370371 0.8449074074074074 0.5995370370370371 0.8425925925925926 0.5972222222222222 0.8425925925925926 0.5949074074074074 0.8472222222222222 0.5925925925925926
0 0.20601851851851852 0.26273148148148145 0.004629629629629629 0.006944444444444444
0 0.04861111111111111 0.625 0.05555555555555555 0.625 0.05555555555555555 0.6296296296296297 0.05324074074074074 0.6319444444444444 0.05092592592592592 0.6319444444444444 0.04861111111111111 0.6273148148148148
0 0.7731481481481481 0.9004629629629629 0.7754629629629629 0.9027777777777778 0.7754629629629629 0.9120370370370371 0.7638888888888888 0.9120370370370371 0.7662037037037037 0.9027777777777778 0.7708333333333334 0.9027777777777778
0 0.037037037037037035 0.10532407407407407 0.009259259259259259 0.006944444444444444
0 0.3194444444444444 0.7407407407407407 0.32407407407407407 0.7384259259259259 0.3287037037037037 0.7407407407407407 0.3287037037037037 0.7476851851851852 0.32407407407407407 0.75 0.3194444444444444 0.75 0.31712962962962965 0.7476851851851852 0.3194444444444444 0.7430555555555556
0 0.1099537037037037 0.11226851851851852 0.006944444444444444 0.006944444444444444
0 0.6759259259259259 0.9432870370370371 0.009259259259259259 0.006944444444444444
0 0.15162037037037038 0.10069444444444445 0.006944444444444444 0.006944444444444444
0 0.7789351851851852 0.7719907407407407 0.006944444444444444 0.006944444444444444