0 0.1840277777777778 0.6643518518518519 0.006944444444444444 0.009259259259259259
0 0.7175925925925926 0.15393518518518517 0.009259259259259259 0.006944444444444444
0 0.7662037037037037 0.1736111111111111 0.009259259259259259 0.009259259259259259
0 0.1111111111111111 0.37037037037037035 0.1111111111111111 0.3773148148148148 0.1087962962962963 0.37962962962962965 0.10416666666666667 0.3726851851851852 0.1087962962962963 0.37037037037037035
0 0.4050925925925926 0.5763888888888888 0.4074074074074074 0.5810185185185185 0.4050925925925926 0.5856481481481481 0.40046296296296297 0.5856481481481481 0.39814814814814814 0.5810185185185185 0.39814814814814814 0.5787037037037037 0.4027777777777778 0.5763888888888888
0 0.5902777777777778 0.4166666666666667 0.009259259259259259 0.009259259259259259
0 0.59375 0.7199074074074074 0.006944444444444444 0.009259259259259259
0 0.032407407407407406 0.8564814814814815 0.037037037037037035 0.8564814814814815 0.041666666666666664 0.8611111111111112 0.037037037037037035 0.8680555555555556 0.032407407407407406 0.8680555555555556 0.03009259259259259 0.8634259259259259 0.032407407407407406 0.8587962962962963
0 0.9282407407407407 0.7083333333333334 0.9305555555555556 0.7129629629629629 0.9259259259259259 0.7175925925925926 0.9166666666666666 0.7175925925925926 0.9166666666666666 0.7106481481481481 0.9189814814814815 0.7083333333333334 0.9259259259259259 0.7083333333333334
0 0.23842592592592593 0.3333333333333333 0.24537037037037038 0.3333333333333333 0.24768518518518517 0.33564814814814814 0.24537037037037038 0.3425925925925926 0.23842592592592593 0.3425925925925926 0.23842592592592593 0.33564814814814814
0 0.8263888888888888 0.5509259259259259 0.8356481481481481 0.5509259259259259 0.8356481481481481 0.5555555555555556 0.8310185185185185 0.5578703703703703 0.8287037037037037 0.5578703703703703 0.8263888888888888 0.5532407407407407
0 0.34837962962962965 0.6180555555555556 0.006944444444444444 0.009259259259259259
0 0.65625 0.2361111111111111 0.006944444444444444 0.009259259259259259
0 0.5254629629629629 0.04861111111111111 0.5324074074074074 0.04861111111111111 0.5300925925925926 0.05787037037037037 0.5254629629629629 0.05555555555555555 0.5254629629629629 0.05092592592592592
0 0.8958333333333334 0.5393518518518519 0.9004629629629629 0.5462962962962963 0.8958333333333334 0.5509259259259259 0.8912037037037037 0.5486111111111112 0.8888888888888888 0.5439814814814815 0.8935185185185185 0.5416666666666666
0 0.6157407407407407 0.7245370370370371 0.009259259259259259 0.009259259259259259
0 0.5243055555555556 0.8807870370370371 0.006944444444444444 0.011574074074074073
0 0.06712962962962964 0.25462962962962965 0.07175925925925926 0.26157407407407407 0.06944444444444445 0.2662037037037037 0.0625 0.2708333333333333 0.05555555555555555 0.2708333333333333 0.05324074074074074 0.26851851851851855 0.05324074074074074 0.2569444444444444 0.06481481481481481 0.25462962962962965
0 0.6851851851851852 0.46064814814814814 0.6875 0.46296296296296297 0.6875 0.4675925925925926 0.6828703703703703 0.4722222222222222 0.6805555555555556 0.4699074074074074 0.6805555555555556 0.4652777777777778 0.6828703703703703 0.46296296296296297