0 0.7245370370370371 0.3425925925925926 0.7245370370370371 0.34953703703703703 0.7199074074074074 0.35185185185185186 0.7152777777777778 0.34953703703703703 0.7175925925925926 0.3449074074074074 0.7222222222222222 0.3425925925925926
0 0.8263888888888888 0.7199074074074074 0.8310185185185185 0.7175925925925926 0.8356481481481481 0.7199074074074074 0.8356481481481481 0.7245370370370371 0.8310185185185185 0.7291666666666666 0.8263888888888888 0.7291666666666666 0.8240740740740741 0.7245370370370371 0.8263888888888888 0.7222222222222222
0 0.8032407407407407 0.11805555555555555 0.8125 0.1111111111111111 0.8148148148148148 0.11342592592592593 0.8148148148148148 0.11805555555555555 0.8101851851851852 0.12268518518518519 0.8055555555555556 0.12037037037037036
0 0.6284722222222222 0.8379629629629629 0.006944444444444444 0.009259259259259259
0 0.19212962962962962 0.22569444444444445 0.009259259259259259 0.006944444444444444
0 0.6828703703703703 0.4652777777777778 0.6828703703703703 0.4699074074074074 0.6805555555555556 0.4722222222222222 0.6759259259259259 0.4722222222222222 0.6759259259259259 0.4675925925925926 0.6805555555555556 0.4652777777777778
0 0.08333333333333333 0.6458333333333334 0.009259259259259259 0.009259259259259259
0 0.49421296296296297 0.26967592592592593 0.006944444444444444 0.006944444444444444
0 0.6041666666666666 0.4398148148148148 0.009259259259259259 0.009259259259259259
0 0.5798611111111112 0.8333333333333334 0.006944444444444444 0.009259259259259259
0 0.7337962962962963 0.7152777777777778 0.7384259259259259 0.7199074074074074 0.7361111111111112 0.7245370370370371 0.7291666666666666 0.7245370370370371 0.7291666666666666 0.7199074074074074 0.7314814814814815 0.7175925925925926
0 0.6354166666666666 0.2673611111111111 0.006944444444444444 0.006944444444444444
0 0.3761574074074074 0.40046296296296297 0.011574074074074073 0.013888888888888888
0 0.33217592592592593 0.8993055555555556 0.006944444444444444 0.006944444444444444