0 0.8912037037037037 0.5949074074074074 0.009259259259259259 0.004629629629629629
0 0.9293981481481481 0.5868055555555556 0.006944444444444444 0.006944444444444444
0 0.5520833333333334 0.9131944444444444 0.006944444444444444 0.006944444444444444
0 0.9340277777777778 0.013888888888888888 0.006944444444444444 0.004629629629629629
0 0.7418981481481481 0.8020833333333334 0.006944444444444444 0.006944444444444444
0 0.5740740740740741 0.4537037037037037 0.5717592592592593 0.44907407407407407 0.5717592592592593 0.4444444444444444 0.5740740740740741 0.44212962962962965 0.5810185185185185 0.44212962962962965 0.5833333333333334 0.4444444444444444 0.5833333333333334 0.4513888888888889 0.5810185185185185 0.4537037037037037 0.5763888888888888 0.4537037037037037
0 0.9907407407407407 0.13310185185185186 0.009259259259259259 0.006944444444444444
0 0.9849537037037037 0.27199074074074076 0.006944444444444444 0.006944444444444444
0 0.6909722222222222 0.5844907407407407 0.006944444444444444 0.006944444444444444
0 0.7835648148148148 0.14814814814814814 0.006944444444444444 0.004629629629629629
0 0.9155092592592593 0.5405092592592593 0.006944444444444444 0.006944444444444444