0 0.2175925925925926 0.13657407407407407 0.2222222222222222 0.1388888888888889 0.2222222222222222 0.14351851851851852 0.21296296296296297 0.14583333333333334 0.21296296296296297 0.1388888888888889 0.2152777777777778 0.1388888888888889
0 0.3263888888888889 0.6793981481481481 0.009259259259259259 0.006944444444444444
0 0.013888888888888888 0.09722222222222222 0.011574074074074073 0.09259259259259259 0.013888888888888888 0.08796296296296297 0.018518518518518517 0.09027777777777778 0.018518518518518517 0.09490740740740741 0.016203703703703703 0.09722222222222222
0 0.9560185185185185 0.8333333333333334 0.9606481481481481 0.8333333333333334 0.9629629629629629 0.8356481481481481 0.9629629629629629 0.8402777777777778 0.9606481481481481 0.8425925925925926 0.9560185185185185 0.8402777777777778 0.9560185185185185 0.8356481481481481
0 0.5590277777777778 0.7592592592592593 0.006944444444444444 0.009259259259259259
0 0.33101851851851855 0.4861111111111111 0.33564814814814814 0.4861111111111111 0.33564814814814814 0.4930555555555556 0.33101851851851855 0.4930555555555556 0.33101851851851855 0.48842592592592593
0 0.7893518518518519 0.7222222222222222 0.7939814814814815 0.7222222222222222 0.7962962962962963 0.7245370370370371 0.7939814814814815 0.7291666666666666 0.7893518518518519 0.7291666666666666 0.7893518518518519 0.7245370370370371
0 0.16666666666666666 0.36342592592592593 0.1736111111111111 0.36342592592592593 0.1736111111111111 0.3680555555555556 0.1712962962962963 0.37037037037037035 0.16898148148148148 0.37037037037037035 0.16666666666666666 0.36574074074074076
0 0.8842592592592593 0.7916666666666666 0.8842592592592593 0.7847222222222222 0.8865740740740741 0.7824074074074074 0.8912037037037037 0.7847222222222222 0.8912037037037037 0.7893518518518519 0.8865740740740741 0.7916666666666666
0 0.5729166666666666 0.26851851851851855 0.006944444444444444 0.009259259259259259
0 0.2465277777777778 0.9224537037037037 0.006944444444444444 0.006944444444444444