0 0.6446759259259259 0.9178240740740741 0.006944444444444444 0.006944444444444444
0 0.5138888888888888 0.9826388888888888 0.009259259259259259 0.006944444444444444
0 0.9861111111111112 0.08333333333333333 0.9907407407407407 0.09259259259259259 0.9837962962962963 0.09953703703703703 0.9791666666666666 0.09953703703703703 0.9722222222222222 0.09259259259259259 0.9722222222222222 0.08796296296296297 0.9768518518518519 0.08333333333333333 0.9837962962962963 0.08333333333333333
0 0.9050925925925926 0.33101851851851855 0.9074074074074074 0.33564814814814814 0.9027777777777778 0.3425925925925926 0.8981481481481481 0.3402777777777778 0.8981481481481481 0.3333333333333333 0.9027777777777778 0.33101851851851855
0 0.4074074074074074 0.8263888888888888 0.41203703703703703 0.8263888888888888 0.41435185185185186 0.8310185185185185 0.41203703703703703 0.8356481481481481 0.4074074074074074 0.8356481481481481 0.4074074074074074 0.8287037037037037
0 0.11226851851851852 0.6840277777777778 0.006944444444444444 0.006944444444444444
0 0.0775462962962963 0.8495370370370371 0.006944444444444444 0.009259259259259259
0 0.1261574074074074 0.9097222222222222 0.011574074074074073 0.013888888888888888
0 0.3726851851851852 0.8541666666666666 0.3773148148148148 0.8564814814814815 0.37962962962962965 0.8657407407407407 0.3773148148148148 0.8703703703703703 0.37037037037037035 0.875 0.36342592592592593 0.8726851851851852 0.3611111111111111 0.8680555555555556 0.3611111111111111 0.8587962962962963 0.37037037037037035 0.8541666666666666
0 0.6585648148148148 0.3784722222222222 0.006944444444444444 0.006944444444444444
0 0.6932870370370371 0.48032407407407407 0.006944444444444444 0.006944444444444444
0 0.9155092592592593 0.22916666666666666 0.006944444444444444 0.009259259259259259
0 0.4826388888888889 0.15393518518518517 0.006944444444444444 0.006944444444444444
0 0.46875 0.90625 0.011574074074074073 0.011574074074074073
0 0.7141203703703703 0.8958333333333334 0.006944444444444444 0.009259259259259259
0 0.6319444444444444 0.11574074074074074 0.009259259259259259 0.009259259259259259