0 0.7557870370370371 0.25 0.011574074074074073 0.009259259259259259
0 0.2824074074074074 0.42592592592592593 0.28935185185185186 0.4236111111111111 0.2962962962962963 0.42824074074074076 0.2962962962962963 0.43287037037037035 0.2916666666666667 0.4375 0.2824074074074074 0.4351851851851852 0.2824074074074074 0.42824074074074076
0 0.3993055555555556 0.0798611111111111 0.006944444444444444 0.006944444444444444
0 0.32523148148148145 0.023148148148148147 0.011574074074074073 0.009259259259259259
0 0.1087962962962963 0.1863425925925926 0.004629629629629629 0.006944444444444444
0 0.8634259259259259 0.8391203703703703 0.009259259259259259 0.006944444444444444
0 0.6099537037037037 0.7731481481481481 0.006944444444444444 0.009259259259259259
0 0.2465277777777778 0.9189814814814815 0.006944444444444444 0.009259259259259259
0 0.2743055555555556 0.3587962962962963 0.006944444444444444 0.009259259259259259
0 0.33449074074074076 0.41550925925925924 0.006944444444444444 0.006944444444444444
0 0.38657407407407407 0.1550925925925926 0.38657407407407407 0.15046296296296297 0.3888888888888889 0.14814814814814814 0.39351851851851855 0.15046296296296297 0.39351851851851855 0.1550925925925926 0.3888888888888889 0.1550925925925926
0 0.7210648148148148 0.8020833333333334 0.006944444444444444 0.006944444444444444
0 0.5671296296296297 0.6921296296296297 0.5671296296296297 0.7013888888888888 0.5625 0.7060185185185185 0.5578703703703703 0.7060185185185185 0.5532407407407407 0.6990740740740741 0.5532407407407407 0.6944444444444444 0.5648148148148148 0.6921296296296297
0 0.4166666666666667 0.4664351851851852 0.009259259259259259 0.006944444444444444
0 0.4699074074074074 0.8530092592592593 0.009259259259259259 0.006944444444444444
0 0.6099537037037037 0.08333333333333333 0.006944444444444444 0.009259259259259259
0 0.7430555555555556 0.41898148148148145 0.7476851851851852 0.41898148148148145 0.7476851851851852 0.42592592592592593 0.7430555555555556 0.42592592592592593 0.7430555555555556 0.4212962962962963