0 0.7893518518518519 0.5671296296296297 0.7939814814814815 0.5671296296296297 0.7962962962962963 0.5694444444444444 0.7939814814814815 0.5740740740740741 0.7893518518518519 0.5740740740740741 0.7893518518518519 0.5694444444444444
0 0.8425925925925926 0.2349537037037037 0.009259259259259259 0.006944444444444444
0 0.21643518518518517 0.6840277777777778 0.006944444444444444 0.006944444444444444
0 0.9375 0.7592592592592593 0.009259259259259259 0.009259259259259259
0 0.8900462962962963 0.04050925925925926 0.006944444444444444 0.006944444444444444
0 0.6215277777777778 0.6041666666666666 0.006944444444444444 0.004629629629629629
0 0.4479166666666667 0.5034722222222222 0.006944444444444444 0.006944444444444444
0 0.28125 0.7175925925925926 0.006944444444444444 0.009259259259259259
0 0.6793981481481481 0.4699074074074074 0.006944444444444444 0.004629629629629629
0 0.9710648148148148 0.8460648148148148 0.006944444444444444 0.006944444444444444
0 0.8402777777777778 0.33217592592592593 0.009259259259259259 0.006944444444444444
0 0.49189814814814814 0.12152777777777778 0.006944444444444444 0.006944444444444444
0 0.4930555555555556 0.39814814814814814 0.009259259259259259 0.009259259259259259
0 0.6284722222222222 0.3854166666666667 0.006944444444444444 0.006944444444444444
0 0.8935185185185185 0.06018518518518518 0.8958333333333334 0.0625 0.8958333333333334 0.06712962962962964 0.8935185185185185 0.06944444444444445 0.8888888888888888 0.06944444444444445 0.8842592592592593 0.06481481481481481 0.8912037037037037 0.06018518518518518