0 0.53125 0.8020833333333334 0.006944444444444444 0.006944444444444444
0 0.9421296296296297 0.14583333333333334 0.9467592592592593 0.15046296296296297 0.9444444444444444 0.1550925925925926 0.9421296296296297 0.1574074074074074 0.9375 0.1527777777777778 0.9375 0.14814814814814814 0.9398148148148148 0.14814814814814814
0 0.047453703703703706 0.7280092592592593 0.006944444444444444 0.006944444444444444
0 0.28703703703703703 0.04282407407407408 0.004629629629629629 0.006944444444444444
0 0.38657407407407407 0.7951388888888888 0.004629629629629629 0.006944444444444444
0 0.08449074074074074 0.9699074074074074 0.006944444444444444 0.009259259259259259
0 0.3298611111111111 0.16782407407407407 0.006944444444444444 0.006944444444444444
0 0.2523148148148148 0.046296296296296294 0.25925925925925924 0.05092592592592592 0.25925925925925924 0.06018518518518518 0.25 0.06018518518518518 0.24768518518518517 0.05555555555555555 0.24768518518518517 0.05092592592592592 0.25 0.04861111111111111
0 0.28587962962962965 0.5833333333333334 0.006944444444444444 0.009259259259259259
0 0.8599537037037037 0.4340277777777778 0.006944444444444444 0.006944444444444444
0 0.8287037037037037 0.7152777777777778 0.004629629629629629 0.004629629629629629
0 0.1909722222222222 0.49189814814814814 0.006944444444444444 0.006944444444444444
0 0.6701388888888888 0.6585648148148148 0.006944444444444444 0.006944444444444444
0 0.6736111111111112 0.8356481481481481 0.009259259259259259 0.009259259259259259
0 0.7465277777777778 0.9293981481481481 0.006944444444444444 0.006944444444444444
0 0.8252314814814815 0.33912037037037035 0.006944444444444444 0.006944444444444444
0 0.8090277777777778 0.5706018518518519 0.006944444444444444 0.006944444444444444