0 0.12152777777777778 0.16319444444444445 0.006944444444444444 0.006944444444444444
0 0.36689814814814814 0.2604166666666667 0.006944444444444444 0.006944444444444444
0 0.9293981481481481 0.9351851851851852 0.006944444444444444 0.009259259259259259
0 0.15046296296296297 0.2916666666666667 0.009259259259259259 0.004629629629629629
0 0.12037037037037036 0.04861111111111111 0.009259259259259259 0.009259259259259259
0 0.16782407407407407 0.26967592592592593 0.006944444444444444 0.006944444444444444
0 0.9699074074074074 0.5543981481481481 0.009259259259259259 0.006944444444444444
0 0.06481481481481481 0.7222222222222222 0.06944444444444445 0.7222222222222222 0.07175925925925926 0.7245370370370371 0.06944444444444445 0.7291666666666666 0.0625 0.7291666666666666 0.06481481481481481 0.7245370370370371
0 0.7210648148148148 0.48726851851851855 0.006944444444444444 0.011574074074074073
0 0.8148148148148148 0.4930555555555556 0.004629629629629629 0.004629629629629629
0 0.30787037037037035 0.009259259259259259 0.3148148148148148 0.009259259259259259 0.3148148148148148 0.013888888888888888 0.3101851851851852 0.018518518518518517 0.3055555555555556 0.016203703703703703 0.30787037037037035 0.011574074074074073