0 0.7650462962962963 0.3576388888888889 0.011574074074074073 0.011574074074074073
0 0.8472222222222222 0.3148148148148148 0.8495370370370371 0.31712962962962965 0.8472222222222222 0.32407407407407407 0.8425925925925926 0.32407407407407407 0.8402777777777778 0.32175925925925924 0.8402777777777778 0.31712962962962965 0.8449074074074074 0.3148148148148148
0 0.11226851851851852 0.43171296296296297 0.011574074074074073 0.011574074074074073
0 0.8587962962962963 0.7337962962962963 0.009259259259259259 0.009259259259259259
0 0.27314814814814814 0.36574074074074076 0.27314814814814814 0.375 0.2662037037037037 0.375 0.2638888888888889 0.3726851851851852 0.2638888888888889 0.37037037037037035 0.2708333333333333 0.36574074074074076
0 0.3194444444444444 0.6111111111111112 0.3263888888888889 0.6111111111111112 0.3263888888888889 0.6157407407407407 0.32407407407407407 0.6180555555555556 0.32175925925925924 0.6180555555555556 0.3194444444444444 0.6134259259259259
0 0.5277777777777778 0.3773148148148148 0.5300925925925926 0.37962962962962965 0.5300925925925926 0.38425925925925924 0.5231481481481481 0.3888888888888889 0.5185185185185185 0.38425925925925924 0.5208333333333334 0.37962962962962965 0.5254629629629629 0.3773148148148148
0 0.8009259259259259 0.4583333333333333 0.8055555555555556 0.45601851851851855 0.8125 0.4583333333333333 0.8125 0.4652777777777778 0.8078703703703703 0.4699074074074074 0.8009259259259259 0.4652777777777778 0.8009259259259259 0.46064814814814814
0 0.9849537037037037 0.4166666666666667 0.011574074074074073 0.013888888888888888
0 0.6215277777777778 0.7407407407407407 0.011574074074074073 0.013888888888888888
0 0.7754629629629629 0.8125 0.7800925925925926 0.8148148148148148 0.7800925925925926 0.8194444444444444 0.7777777777777778 0.8217592592592593 0.7731481481481481 0.8194444444444444 0.7754629629629629 0.8148148148148148
0 0.8611111111111112 0.2962962962962963 0.8611111111111112 0.30324074074074076 0.8587962962962963 0.3055555555555556 0.8541666666666666 0.3055555555555556 0.8541666666666666 0.2986111111111111 0.8587962962962963 0.2962962962962963