0 0.5625 0.6365740740740741 0.5625 0.6296296296296297 0.5648148148148148 0.6273148148148148 0.5671296296296297 0.6273148148148148 0.5694444444444444 0.6319444444444444 0.5694444444444444 0.6365740740740741 0.5648148148148148 0.6365740740740741
0 0.8923611111111112 0.9594907407407407 0.006944444444444444 0.006944444444444444
0 0.9189814814814815 0.5856481481481481 0.9189814814814815 0.5787037037037037 0.9212962962962963 0.5763888888888888 0.9236111111111112 0.5763888888888888 0.9236111111111112 0.5833333333333334 0.9212962962962963 0.5856481481481481
0 0.4664351851851852 0.5625 0.006944444444444444 0.009259259259259259
0 0.37037037037037035 0.19444444444444445 0.3773148148148148 0.19212962962962962 0.37962962962962965 0.19675925925925927 0.37962962962962965 0.2013888888888889 0.3773148148148148 0.2037037037037037 0.37037037037037035 0.2037037037037037 0.37037037037037035 0.19675925925925927
0 0.0798611111111111 0.7002314814814815 0.006944444444444444 0.006944444444444444
0 0.059027777777777776 0.06365740740740741 0.006944444444444444 0.011574074074074073
0 0.9745370370370371 0.875 0.9791666666666666 0.875 0.9791666666666666 0.8819444444444444 0.9745370370370371 0.8819444444444444 0.9745370370370371 0.8773148148148148
0 0.5335648148148148 0.5810185185185185 0.006944444444444444 0.009259259259259259
0 0.6944444444444444 0.6273148148148148 0.6990740740740741 0.6365740740740741 0.6921296296296297 0.6435185185185185 0.6875 0.6412037037037037 0.6851851851851852 0.6365740740740741 0.6851851851851852 0.6319444444444444 0.6921296296296297 0.6273148148148148
0 0.5289351851851852 0.25578703703703703 0.006944444444444444 0.006944444444444444
0 0.48842592592592593 0.1701388888888889 0.004629629629629629 0.006944444444444444
0 0.5798611111111112 0.7615740740740741 0.006944444444444444 0.009259259259259259
0 0.7569444444444444 0.7685185185185185 0.009259259259259259 0.009259259259259259
0 0.6331018518518519 0.21875 0.006944444444444444 0.006944444444444444
0 0.8321759259259259 0.22800925925925927 0.006944444444444444 0.006944444444444444