0 0.9224537037037037 0.4039351851851852 0.006944444444444444 0.006944444444444444
0 0.6990740740740741 0.36342592592592593 0.7037037037037037 0.36574074074074076 0.7037037037037037 0.375 0.6990740740740741 0.375 0.6967592592592593 0.36574074074074076
0 0.3263888888888889 0.36689814814814814 0.009259259259259259 0.006944444444444444
0 0.9305555555555556 0.4513888888888889 0.009259259259259259 0.009259259259259259
0 0.3854166666666667 0.8125 0.006944444444444444 0.009259259259259259
0 0.9039351851851852 0.2326388888888889 0.006944444444444444 0.006944444444444444
0 0.15162037037037038 0.8472222222222222 0.006944444444444444 0.009259259259259259
0 0.22916666666666666 0.30787037037037035 0.2361111111111111 0.3125 0.2361111111111111 0.3148148148148148 0.23148148148148148 0.31712962962962965 0.22916666666666666 0.3148148148148148 0.22916666666666666 0.3101851851851852
0 0.44212962962962965 0.4039351851851852 0.004629629629629629 0.006944444444444444
0 0.9641203703703703 0.7233796296296297 0.006944444444444444 0.006944444444444444
0 0.6840277777777778 0.5694444444444444 0.006944444444444444 0.009259259259259259
0 0.5231481481481481 0.625 0.5231481481481481 0.6319444444444444 0.5185185185185185 0.6319444444444444 0.5162037037037037 0.6296296296296297 0.5162037037037037 0.6273148148148148 0.5208333333333334 0.625
0 0.1412037037037037 0.1111111111111111 0.14583333333333334 0.1111111111111111 0.14583333333333334 0.11805555555555555 0.1412037037037037 0.11805555555555555 0.1412037037037037 0.11342592592592593
0 0.6736111111111112 0.9155092592592593 0.009259259259259259 0.006944444444444444
0 0.5127314814814815 0.2962962962962963 0.011574074074074073 0.009259259259259259
0 0.9074074074074074 0.33564814814814814 0.9074074074074074 0.3287037037037037 0.9097222222222222 0.3263888888888889 0.9120370370370371 0.3263888888888889 0.9143518518518519 0.33101851851851855 0.9143518518518519 0.3333333333333333 0.9097222222222222 0.33564814814814814
0 0.875 0.4479166666666667 0.009259259259259259 0.006944444444444444
1 0.18518518518518517 0.44675925925925924 0.2037037037037037 0.44907407407407407 0.2199074074074074 0.45601851851851855 0.2222222222222222 0.4583333333333333 0.2152777777777778 0.4583333333333333 0.21296296296296297 0.45601851851851855 0.1875 0.44907407407407407