0 0.1412037037037037 0.8032407407407407 0.14814814814814814 0.8032407407407407 0.14814814814814814 0.8101851851851852 0.1412037037037037 0.8101851851851852 0.1412037037037037 0.8055555555555556
0 0.9085648148148148 0.013888888888888888 0.006944444444444444 0.009259259259259259
0 0.5972222222222222 0.46064814814814814 0.6018518518518519 0.46064814814814814 0.6041666666666666 0.46296296296296297 0.6041666666666666 0.4675925925925926 0.5972222222222222 0.4675925925925926 0.5972222222222222 0.46296296296296297
0 0.7476851851851852 0.06712962962962964 0.009259259259259259 0.009259259259259259
0 0 0.5717592592592593 0.004629629629629629 0.5717592592592593 0.004629629629629629 0.5787037037037037 0 0.5810185185185185 0 0.5740740740740741
0 0.21064814814814814 0.3263888888888889 0.009259259259259259 0.009259259259259259
0 0.3993055555555556 0.7523148148148148 0.006944444444444444 0.009259259259259259
0 0.9513888888888888 0.9513888888888888 0.9606481481481481 0.9513888888888888 0.9606481481481481 0.9560185185185185 0.9560185185185185 0.9606481481481481 0.9513888888888888 0.9583333333333334 0.9513888888888888 0.9537037037037037
0 0.4166666666666667 0.03935185185185185 0.4166666666666667 0.046296296296296294 0.41203703703703703 0.04861111111111111 0.4097222222222222 0.041666666666666664 0.41435185185185186 0.03935185185185185
0 0.10185185185185185 0.2708333333333333 0.10185185185185185 0.2777777777777778 0.09953703703703703 0.2800925925925926 0.09490740740740741 0.2777777777777778 0.09490740740740741 0.27314814814814814 0.09953703703703703 0.2708333333333333
0 0.4375 0.9907407407407407 0.44212962962962965 0.9907407407407407 0.44675925925925924 0.9976851851851852 0.4375 0.9976851851851852 0.4375 0.9930555555555556
0 0.19212962962962962 0.1412037037037037 0.013888888888888888 0.013888888888888888
0 0.3680555555555556 0.2037037037037037 0.3680555555555556 0.21064814814814814 0.3611111111111111 0.21064814814814814 0.3611111111111111 0.20601851851851852 0.36574074074074076 0.2037037037037037
0 0.16666666666666666 0.02546296296296296 0.013888888888888888 0.013888888888888888
0 0.75 0.48842592592592593 0.7546296296296297 0.48842592592592593 0.7569444444444444 0.49074074074074076 0.7569444444444444 0.49537037037037035 0.7546296296296297 0.4976851851851852 0.75 0.49537037037037035 0.75 0.49074074074074076
0 0.03935185185185185 0.5023148148148148 0.009259259259259259 0.009259259259259259
0 0.052083333333333336 0.96875 0.006944444444444444 0.006944444444444444
0 0.5578703703703703 0.6296296296296297 0.009259259259259259 0.009259259259259259
0 0.09143518518518519 0.9409722222222222 0.006944444444444444 0.006944444444444444
0 0.9398148148148148 0.4050925925925926 0.9398148148148148 0.39814814814814814 0.9421296296296297 0.3958333333333333 0.9467592592592593 0.39814814814814814 0.9467592592592593 0.4050925925925926 0.9421296296296297 0.4050925925925926
0 0.5740740740740741 0.6759259259259259 0.5833333333333334 0.6759259259259259 0.5833333333333334 0.6828703703703703 0.5810185185185185 0.6851851851851852 0.5763888888888888 0.6851851851851852 0.5740740740740741 0.6828703703703703 0.5740740740740741 0.6782407407407407
0 0.4930555555555556 0.6041666666666666 0.4930555555555556 0.5995370370370371 0.49537037037037035 0.5972222222222222 0.5 0.5995370370370371 0.5 0.6041666666666666 0.49537037037037035 0.6041666666666666
0 0.21412037037037038 0.05439814814814815 0.011574074074074073 0.011574074074074073
0 0.3888888888888889 0.8194444444444444 0.39814814814814814 0.8194444444444444 0.39814814814814814 0.8240740740740741 0.39351851851851855 0.8287037037037037 0.3888888888888889 0.8263888888888888 0.3888888888888889 0.8217592592592593
0 0.5023148148148148 0.9421296296296297 0.5046296296296297 0.9444444444444444 0.5023148148148148 0.9490740740740741 0.4976851851851852 0.9490740740740741 0.49537037037037035 0.9467592592592593 0.49537037037037035 0.9444444444444444 0.5 0.9421296296296297
0 0.7800925925925926 0.13425925925925927 0.7800925925925926 0.14351851851851852 0.7731481481481481 0.14351851851851852 0.7708333333333334 0.1412037037037037 0.7731481481481481 0.13657407407407407 0.7777777777777778 0.13425925925925927
0 0.8715277777777778 0.13078703703703703 0.016203703703703703 0.016203703703703703
0 0.33912037037037035 0.9803240740740741 0.006944444444444444 0.006944444444444444
0 0.8449074074074074 0.5185185185185185 0.8449074074074074 0.5115740740740741 0.8472222222222222 0.5092592592592593 0.8518518518518519 0.5115740740740741 0.8495370370370371 0.5185185185185185 0.8472222222222222 0.5185185185185185