0 0.05324074074074074 0.4409722222222222 0.004629629629629629 0.006944444444444444
0 0.2488425925925926 0.5231481481481481 0.006944444444444444 0.004629629629629629
0 0.11689814814814815 0.08101851851851852 0.006944444444444444 0.004629629629629629
0 0.1574074074074074 0.23726851851851852 0.004629629629629629 0.006944444444444444
0 0.1724537037037037 0.42476851851851855 0.006944444444444444 0.006944444444444444
0 0.061342592592592594 0.5798611111111112 0.006944444444444444 0.006944444444444444
0 0.059027777777777776 0.3761574074074074 0.006944444444444444 0.006944444444444444
0 0.06944444444444445 0.6296296296296297 0.004629629629629629 0.004629629629629629
0 0.2673611111111111 0.33449074074074076 0.006944444444444444 0.006944444444444444
0 0.12037037037037036 0.2604166666666667 0.009259259259259259 0.006944444444444444
0 0.21064814814814814 0.35300925925925924 0.009259259259259259 0.006944444444444444
0 0.2638888888888889 0.7986111111111112 0.004629629629629629 0.004629629629629629
0 0.30324074074074076 0.23726851851851852 0.004629629629629629 0.006944444444444444
0 0.08680555555555555 0.6909722222222222 0.006944444444444444 0.006944444444444444
0 0.32523148148148145 0.49189814814814814 0.006944444444444444 0.006944444444444444