0 0.8125 0.26851851851851855 0.8217592592592593 0.27314814814814814 0.8217592592592593 0.2824074074074074 0.8171296296296297 0.28703703703703703 0.8078703703703703 0.28703703703703703 0.8032407407407407 0.27546296296296297 0.8101851851851852 0.2708333333333333
0 0.6018518518518519 0.8449074074074074 0.009259259259259259 0.009259259259259259
0 0.45601851851851855 0.8958333333333334 0.4583333333333333 0.9004629629629629 0.45601851851851855 0.9050925925925926 0.44675925925925924 0.9050925925925926 0.4444444444444444 0.9004629629629629 0.44675925925925924 0.8958333333333334 0.4537037037037037 0.8958333333333334
0 0.11574074074074074 0.33796296296296297 0.11574074074074074 0.3425925925925926 0.11342592592592593 0.3449074074074074 0.1087962962962963 0.3449074074074074 0.10648148148148148 0.3425925925925926 0.10648148148148148 0.33796296296296297 0.1087962962962963 0.33564814814814814 0.11342592592592593 0.33796296296296297
0 0.4976851851851852 0.3784722222222222 0.009259259259259259 0.011574074074074073
0 0.7939814814814815 0.8414351851851852 0.009259259259259259 0.006944444444444444
0 0.5092592592592593 0.3923611111111111 0.009259259259259259 0.011574074074074073
0 0.4652777777777778 0.6076388888888888 0.009259259259259259 0.011574074074074073
0 0.1388888888888889 0.5162037037037037 0.1412037037037037 0.5185185185185185 0.1412037037037037 0.5231481481481481 0.1388888888888889 0.5254629629629629 0.13194444444444445 0.5208333333333334 0.13194444444444445 0.5185185185185185 0.13657407407407407 0.5162037037037037
0 0.8240740740740741 0.8263888888888888 0.8240740740740741 0.8356481481481481 0.8217592592592593 0.8379629629629629 0.8125 0.8379629629629629 0.8101851851851852 0.8356481481481481 0.8101851851851852 0.8310185185185185 0.8148148148148148 0.8263888888888888 0.8217592592592593 0.8263888888888888
0 0.5671296296296297 0.5763888888888888 0.013888888888888888 0.013888888888888888
0 0.0625 0.3541666666666667 0.0625 0.34953703703703703 0.06481481481481481 0.3472222222222222 0.07175925925925926 0.35185185185185186 0.06712962962962964 0.35648148148148145 0.06481481481481481 0.3541666666666667
0 0.3229166666666667 0.3854166666666667 0.016203703703703703 0.016203703703703703
0 0.1574074074074074 0.1412037037037037 0.16435185185185186 0.1388888888888889 0.16898148148148148 0.14351851851851852 0.16898148148148148 0.14814814814814814 0.16666666666666666 0.15046296296296297 0.1574074074074074 0.14814814814814814 0.1574074074074074 0.14351851851851852
0 0.4930555555555556 0.04861111111111111 0.013888888888888888 0.013888888888888888
0 0.1712962962962963 0.8541666666666666 0.18055555555555555 0.8541666666666666 0.18287037037037038 0.8564814814814815 0.18287037037037038 0.8611111111111112 0.18055555555555555 0.8634259259259259 0.1712962962962963 0.8611111111111112 0.16898148148148148 0.8587962962962963 0.1712962962962963 0.8564814814814815
0 0.4756944444444444 0.8680555555555556 0.011574074074074073 0.009259259259259259
0 0.07407407407407407 0.9467592592592593 0.08101851851851852 0.9467592592592593 0.08333333333333333 0.9490740740740741 0.08333333333333333 0.9537037037037037 0.08101851851851852 0.9560185185185185 0.0763888888888889 0.9560185185185185 0.07407407407407407 0.9537037037037037 0.07407407407407407 0.9490740740740741
0 0.08796296296296297 0.9027777777777778 0.09259259259259259 0.9027777777777778 0.09490740740740741 0.9050925925925926 0.09259259259259259 0.9097222222222222 0.08796296296296297 0.9097222222222222 0.08796296296296297 0.9050925925925926
0 0.5949074074074074 0.7337962962962963 0.5995370370370371 0.7361111111111112 0.6018518518518519 0.7407407407407407 0.6018518518518519 0.7430555555555556 0.5949074074074074 0.7430555555555556 0.5949074074074074 0.7361111111111112
0 0.9953703703703703 0.5879629629629629 0.9953703703703703 0.5949074074074074 0.9884259259259259 0.5925925925925926 0.9884259259259259 0.5902777777777778 0.9930555555555556 0.5879629629629629
0 0.9629629629629629 0.9791666666666666 0.9652777777777778 0.9768518518518519 0.9722222222222222 0.9768518518518519 0.9722222222222222 0.9814814814814815 0.9699074074074074 0.9837962962962963 0.9652777777777778 0.9814814814814815
0 0.6203703703703703 0.9675925925925926 0.6226851851851852 0.9699074074074074 0.6203703703703703 0.9745370370370371 0.6157407407407407 0.9745370370370371 0.6134259259259259 0.9722222222222222 0.6134259259259259 0.9699074074074074 0.6180555555555556 0.9675925925925926
0 0.6643518518518519 0.8796296296296297 0.6666666666666666 0.875 0.6736111111111112 0.875 0.6736111111111112 0.8796296296296297 0.6666666666666666 0.8796296296296297
0 0.5995370370370371 0.9768518518518519 0.009259259259259259 0.009259259259259259