0 0.6238425925925926 0.9085648148148148 0.011574074074074073 0.011574074074074073
0 0.49537037037037035 0.8287037037037037 0.4976851851851852 0.8310185185185185 0.4976851851851852 0.8356481481481481 0.49537037037037035 0.8379629629629629 0.49074074074074076 0.8379629629629629 0.48842592592592593 0.8356481481481481 0.48842592592592593 0.8310185185185185 0.4930555555555556 0.8287037037037037
0 0.7673611111111112 0.9814814814814815 0.006944444444444444 0.009259259259259259
0 0.09027777777777778 0.3912037037037037 0.09490740740740741 0.3912037037037037 0.09722222222222222 0.3958333333333333 0.09259259259259259 0.40046296296296297 0.08796296296296297 0.3958333333333333 0.09027777777777778 0.39351851851851855
0 0.6875 0.8564814814814815 0.009259259259259259 0.009259259259259259
0 0.9791666666666666 0.5243055555555556 0.009259259259259259 0.006944444444444444
0 0.9074074074074074 0.5613425925925926 0.009259259259259259 0.006944444444444444
0 0.23842592592592593 0.7824074074074074 0.009259259259259259 0.009259259259259259
0 0.2534722222222222 0.03125 0.006944444444444444 0.006944444444444444
0 0.8981481481481481 0.6550925925925926 0.009259259259259259 0.009259259259259259
0 0.03935185185185185 0.8634259259259259 0.041666666666666664 0.8657407407407407 0.03935185185185185 0.8703703703703703 0.034722222222222224 0.8703703703703703 0.032407407407407406 0.8680555555555556 0.032407407407407406 0.8657407407407407 0.037037037037037035 0.8634259259259259
0 0.3819444444444444 0.6666666666666666 0.3888888888888889 0.6666666666666666 0.3888888888888889 0.6712962962962963 0.38657407407407407 0.6736111111111112 0.3819444444444444 0.6736111111111112 0.3819444444444444 0.6689814814814815
0 0.9305555555555556 0.6643518518518519 0.009259259259259259 0.009259259259259259
0 0.8275462962962963 0.017361111111111112 0.006944444444444444 0.006944444444444444
0 0.40046296296296297 0.7569444444444444 0.4074074074074074 0.7569444444444444 0.4074074074074074 0.7615740740740741 0.4050925925925926 0.7638888888888888 0.40046296296296297 0.7638888888888888 0.40046296296296297 0.7592592592592593
0 0.9490740740740741 0.9560185185185185 0.009259259259259259 0.009259259259259259
0 0.41898148148148145 0.2743055555555556 0.009259259259259259 0.006944444444444444
0 0.6180555555555556 0.21296296296296297 0.009259259259259259 0.009259259259259259
0 0.26157407407407407 0.7013888888888888 0.26157407407407407 0.7083333333333334 0.25462962962962965 0.7083333333333334 0.25462962962962965 0.7037037037037037 0.25925925925925924 0.7013888888888888
0 0.8032407407407407 0.5648148148148148 0.8032407407407407 0.5717592592592593 0.7986111111111112 0.5740740740740741 0.7962962962962963 0.5717592592592593 0.7962962962962963 0.5671296296296297 0.8009259259259259 0.5648148148148148
0 0.6805555555555556 0.03935185185185185 0.6805555555555556 0.046296296296296294 0.6782407407407407 0.04861111111111111 0.6712962962962963 0.04398148148148148 0.6782407407407407 0.03935185185185185
0 0.6828703703703703 0.1550925925925926 0.6875 0.1550925925925926 0.6898148148148148 0.1574074074074074 0.6875 0.16203703703703703 0.6828703703703703 0.16203703703703703 0.6828703703703703 0.1574074074074074
0 0.45601851851851855 0.7280092592592593 0.009259259259259259 0.006944444444444444
0 0.22569444444444445 0.5474537037037037 0.006944444444444444 0.006944444444444444
0 0.8865740740740741 0.1736111111111111 0.009259259259259259 0.009259259259259259
0 0.6527777777777778 0.7708333333333334 0.6597222222222222 0.7662037037037037 0.6620370370370371 0.7685185185185185 0.6620370370370371 0.7731481481481481 0.6574074074074074 0.7754629629629629 0.6550925925925926 0.7731481481481481
0 0.8148148148148148 0.33564814814814814 0.8148148148148148 0.3425925925925926 0.8125 0.3449074074074074 0.8078703703703703 0.3425925925925926 0.8078703703703703 0.33796296296296297 0.8125 0.33564814814814814
0 0.3773148148148148 0.09259259259259259 0.3819444444444444 0.08796296296296297 0.3888888888888889 0.08796296296296297 0.3912037037037037 0.09027777777777778 0.3912037037037037 0.09490740740740741 0.38657407407407407 0.09953703703703703 0.3819444444444444 0.09953703703703703 0.37962962962962965 0.09490740740740741
0 0.9270833333333334 0.5486111111111112 0.006944444444444444 0.009259259259259259
0 0.7326388888888888 0.9386574074074074 0.016203703703703703 0.011574074074074073
0 0.5949074074074074 0.9768518518518519 0.6018518518518519 0.9722222222222222 0.6041666666666666 0.9745370370370371 0.6041666666666666 0.9791666666666666 0.5972222222222222 0.9791666666666666
0 0.5995370370370371 0.8495370370370371 0.5995370370370371 0.8564814814814815 0.5972222222222222 0.8587962962962963 0.5902777777777778 0.8587962962962963 0.5879629629629629 0.8564814814814815 0.5879629629629629 0.8518518518518519 0.5902777777777778 0.8495370370370371 0.5972222222222222 0.8495370370370371
0 0.05787037037037037 0.02546296296296296 0.0625 0.023148148148148147 0.06712962962962964 0.02546296296296296 0.06712962962962964 0.03009259259259259 0.06481481481481481 0.032407407407407406 0.06018518518518518 0.032407407407407406 0.05787037037037037 0.027777777777777776
0 0.6655092592592593 0.9756944444444444 0.011574074074074073 0.011574074074074073
0 0.8449074074074074 0.4444444444444444 0.009259259259259259 0.009259259259259259
0 0.7129629629629629 0.6597222222222222 0.7175925925925926 0.6597222222222222 0.7199074074074074 0.6620370370370371 0.7175925925925926 0.6666666666666666 0.7129629629629629 0.6666666666666666 0.7129629629629629 0.6620370370370371
0 0.7916666666666666 0.17592592592592593 0.7962962962962963 0.17592592592592593 0.7986111111111112 0.17824074074074073 0.7986111111111112 0.18287037037037038 0.7939814814814815 0.18518518518518517 0.7916666666666666 0.18287037037037038 0.7916666666666666 0.17824074074074073
0 0.375 0.5451388888888888 0.009259259259259259 0.011574074074074073
0 0.29050925925925924 0.9849537037037037 0.011574074074074073 0.011574074074074073
0 0.8564814814814815 0.48842592592592593 0.8611111111111112 0.48842592592592593 0.8634259259259259 0.49074074074074076 0.8611111111111112 0.49537037037037035 0.8564814814814815 0.49537037037037035 0.8564814814814815 0.49074074074074076
0 0.3425925925925926 0.8333333333333334 0.009259259259259259 0.009259259259259259
0 0.5138888888888888 0.011574074074074073 0.009259259259259259 0.009259259259259259