0 0.12037037037037036 0.27314814814814814 0.12037037037037036 0.26851851851851855 0.12268518518518519 0.2662037037037037 0.12731481481481483 0.26851851851851855 0.12731481481481483 0.27314814814814814 0.12268518518518519 0.27314814814814814
0 0.9837962962962963 0.20601851851851852 0.9814814814814815 0.2037037037037037 0.9814814814814815 0.19675925925925927 0.9837962962962963 0.19444444444444445 0.9884259259259259 0.19675925925925927 0.9884259259259259 0.2037037037037037 0.9861111111111112 0.2037037037037037
0 0.1736111111111111 0.0798611111111111 0.009259259259259259 0.006944444444444444
0 0.8506944444444444 0.7430555555555556 0.006944444444444444 0.009259259259259259
0 0.04513888888888889 0.5590277777777778 0.006944444444444444 0.006944444444444444
0 0.3425925925925926 0.8634259259259259 0.3472222222222222 0.8634259259259259 0.34953703703703703 0.8657407407407407 0.34953703703703703 0.8703703703703703 0.3449074074074074 0.8726851851851852 0.3402777777777778 0.8703703703703703 0.3425925925925926 0.8657407407407407
0 0.2175925925925926 0.5486111111111112 0.2199074074074074 0.5509259259259259 0.22453703703703703 0.5509259259259259 0.22453703703703703 0.5601851851851852 0.21296296296296297 0.5601851851851852 0.21296296296296297 0.5509259259259259 0.2152777777777778 0.5509259259259259
0 0.5925925925925926 0.4722222222222222 0.5995370370370371 0.4722222222222222 0.5995370370370371 0.47685185185185186 0.5972222222222222 0.4791666666666667 0.5925925925925926 0.4791666666666667 0.5925925925925926 0.47453703703703703
0 0.3263888888888889 0.6875 0.33101851851851855 0.6875 0.33101851851851855 0.6967592592592593 0.3263888888888889 0.6967592592592593 0.3263888888888889 0.6898148148148148
0 0.3125 0.8564814814814815 0.3194444444444444 0.8564814814814815 0.3194444444444444 0.8657407407407407 0.3148148148148148 0.8657407407407407 0.3125 0.8587962962962963
0 0.8206018518518519 0.8009259259259259 0.006944444444444444 0.009259259259259259
0 0.6296296296296297 0.8298611111111112 0.009259259259259259 0.006944444444444444
0 0.08796296296296297 0.8807870370370371 0.009259259259259259 0.011574074074074073
0 0.15046296296296297 0.6782407407407407 0.009259259259259259 0.009259259259259259
0 0.41435185185185186 0.6354166666666666 0.009259259259259259 0.011574074074074073
0 0.7777777777777778 0.9259259259259259 0.7870370370370371 0.9259259259259259 0.7870370370370371 0.9351851851851852 0.7800925925925926 0.9351851851851852 0.7777777777777778 0.9328703703703703 0.7777777777777778 0.9282407407407407
0 0.2326388888888889 0.6354166666666666 0.006944444444444444 0.006944444444444444
0 0.3958333333333333 0.3425925925925926 0.3958333333333333 0.33564814814814814 0.39814814814814814 0.3333333333333333 0.4050925925925926 0.3333333333333333 0.4050925925925926 0.3425925925925926 0.39814814814814814 0.3425925925925926
0 0.5740740740740741 0.09953703703703703 0.009259259259259259 0.009259259259259259
0 0.3425925925925926 0.05092592592592592 0.3449074074074074 0.05324074074074074 0.3449074074074074 0.05787037037037037 0.33796296296296297 0.05787037037037037 0.33796296296296297 0.05324074074074074 0.3402777777777778 0.05324074074074074
0 0.9525462962962963 0.33564814814814814 0.011574074074074073 0.009259259259259259
0 0.8009259259259259 0.8715277777777778 0.013888888888888888 0.016203703703703703
0 0.44212962962962965 0.35648148148148145 0.013888888888888888 0.009259259259259259
0 0.6967592592592593 0.7662037037037037 0.009259259259259259 0.009259259259259259
0 0.42824074074074076 0.8541666666666666 0.009259259259259259 0.009259259259259259
0 0.6041666666666666 0.9699074074074074 0.6041666666666666 0.9768518518518519 0.5995370370370371 0.9791666666666666 0.5972222222222222 0.9722222222222222 0.6018518518518519 0.9699074074074074
0 0.5439814814814815 0.09259259259259259 0.5486111111111112 0.09722222222222222 0.5509259259259259 0.10416666666666667 0.5486111111111112 0.10648148148148148 0.5393518518518519 0.10416666666666667 0.5416666666666666 0.09490740740740741
0 0.41087962962962965 0.10300925925925926 0.006944444444444444 0.006944444444444444