0 0.48032407407407407 0.8993055555555556 0.006944444444444444 0.006944444444444444
0 0.7777777777777778 0.9074074074074074 0.7824074074074074 0.9120370370370371 0.7824074074074074 0.9212962962962963 0.7777777777777778 0.9259259259259259 0.7731481481481481 0.9259259259259259 0.7685185185185185 0.9212962962962963 0.7685185185185185 0.9143518518518519 0.7708333333333334 0.9097222222222222 0.7754629629629629 0.9074074074074074
0 0.3738425925925926 0.3958333333333333 0.006944444444444444 0.009259259259259259
0 0.9525462962962963 0.41550925925925924 0.006944444444444444 0.006944444444444444
0 0.2638888888888889 0.44212962962962965 0.009259259259259259 0.009259259259259259
0 0.9074074074074074 0.6990740740740741 0.9120370370370371 0.6990740740740741 0.9143518518518519 0.7013888888888888 0.9143518518518519 0.7060185185185185 0.9074074074074074 0.7060185185185185 0.9074074074074074 0.7013888888888888
0 0.9212962962962963 0.4305555555555556 0.004629629629629629 0.009259259259259259
0 0.6122685185185185 0.6481481481481481 0.006944444444444444 0.009259259259259259
0 0.4699074074074074 0.41550925925925924 0.009259259259259259 0.011574074074074073
0 0.4756944444444444 0.7974537037037037 0.006944444444444444 0.006944444444444444
0 0.8854166666666666 0.28587962962962965 0.006944444444444444 0.006944444444444444