0 0.9884259259259259 0.2152777777777778 0.9907407407407407 0.22453703703703703 0.9814814814814815 0.22453703703703703 0.9861111111111112 0.2175925925925926
0 0.18981481481481483 0.9050925925925926 0.19444444444444445 0.9050925925925926 0.19675925925925927 0.9074074074074074 0.19675925925925927 0.9120370370370371 0.18981481481481483 0.9120370370370371 0.18981481481481483 0.9074074074074074
0 0.6296296296296297 0.14814814814814814 0.6319444444444444 0.15046296296296297 0.6319444444444444 0.1550925925925926 0.6226851851851852 0.1550925925925926 0.6226851851851852 0.15046296296296297 0.6273148148148148 0.14814814814814814
0 0.1388888888888889 0.1388888888888889 0.14583333333333334 0.1388888888888889 0.14814814814814814 0.1412037037037037 0.14583333333333334 0.14583333333333334 0.1388888888888889 0.1412037037037037
0 0.6712962962962963 0.39699074074074076 0.009259259259259259 0.006944444444444444
0 0.5555555555555556 0.39351851851851855 0.5555555555555556 0.40046296296296297 0.5509259259259259 0.40046296296296297 0.5486111111111112 0.39814814814814814 0.5486111111111112 0.3958333333333333 0.5532407407407407 0.39351851851851855
0 0.8194444444444444 0.9745370370370371 0.8194444444444444 0.9814814814814815 0.8125 0.9814814814814815 0.8125 0.9768518518518519 0.8171296296296297 0.9745370370370371
0 0.7129629629629629 0.3125 0.7175925925925926 0.3148148148148148 0.7175925925925926 0.3194444444444444 0.7106481481481481 0.32175925925925924 0.7083333333333334 0.3194444444444444 0.7106481481481481 0.3148148148148148
0 0.35648148148148145 0.9490740740740741 0.009259259259259259 0.009259259259259259
0 0.27546296296296297 0.3888888888888889 0.2800925925925926 0.38657407407407407 0.2847222222222222 0.3888888888888889 0.2847222222222222 0.39351851851851855 0.2824074074074074 0.3958333333333333 0.27546296296296297 0.3958333333333333 0.27546296296296297 0.3912037037037037
0 0.23842592592592593 0.04050925925925926 0.009259259259259259 0.006944444444444444
0 0.33796296296296297 0.7291666666666666 0.3425925925925926 0.7291666666666666 0.3472222222222222 0.7337962962962963 0.3425925925925926 0.7407407407407407 0.33796296296296297 0.7384259259259259 0.33796296296296297 0.7314814814814815
0 0.7754629629629629 0.04861111111111111 0.7847222222222222 0.05324074074074074 0.7824074074074074 0.05555555555555555 0.7754629629629629 0.05555555555555555 0.7754629629629629 0.05092592592592592
0 0.004629629629629629 0.9143518518518519 0.011574074074074073 0.9189814814814815 0.011574074074074073 0.9212962962962963 0.006944444444444444 0.9259259259259259 0 0.9236111111111112 0 0.9166666666666666 0.0023148148148148147 0.9166666666666666
0 0.24305555555555555 0.15046296296296297 0.24537037037037038 0.1527777777777778 0.24537037037037038 0.1597222222222222 0.24305555555555555 0.16203703703703703 0.23842592592592593 0.16203703703703703 0.2337962962962963 0.1574074074074074 0.2337962962962963 0.1550925925925926 0.24074074074074073 0.15046296296296297
0 0.09259259259259259 0.14583333333333334 0.09722222222222222 0.14814814814814814 0.09722222222222222 0.1550925925925926 0.09490740740740741 0.1574074074074074 0.08796296296296297 0.1550925925925926 0.08796296296296297 0.14814814814814814 0.09027777777777778 0.14814814814814814
0 0.9976851851851852 0.8356481481481481 0.004629629629629629 0.009259259259259259
0 0.27546296296296297 0.8333333333333334 0.2824074074074074 0.8379629629629629 0.2800925925925926 0.8425925925925926 0.27314814814814814 0.8425925925925926 0.27314814814814814 0.8379629629629629 0.27546296296296297 0.8356481481481481
0 0.5648148148148148 0.6875 0.5740740740740741 0.6875 0.5740740740740741 0.6944444444444444 0.5648148148148148 0.6944444444444444 0.5648148148148148 0.6898148148148148
0 0.9050925925925926 0.6828703703703703 0.9120370370370371 0.6828703703703703 0.9120370370370371 0.6875 0.9074074074074074 0.6898148148148148 0.9050925925925926 0.6851851851851852
0 0.30671296296296297 0.1712962962962963 0.006944444444444444 0.009259259259259259
0 0.16898148148148148 0.12962962962962962 0.009259259259259259 0.009259259259259259
0 0.1574074074074074 0.17824074074074073 0.16203703703703703 0.17592592592592593 0.1736111111111111 0.17592592592592593 0.1736111111111111 0.1875 0.1712962962962963 0.18981481481481483 0.16203703703703703 0.18981481481481483 0.1574074074074074 0.18518518518518517 0.1574074074074074 0.18055555555555555
0 0.5856481481481481 0.09490740740740741 0.5949074074074074 0.09490740740740741 0.5949074074074074 0.09953703703703703 0.5925925925925926 0.10185185185185185 0.5856481481481481 0.09953703703703703 0.5856481481481481 0.09722222222222222
0 0.7638888888888888 0.6458333333333334 0.7662037037037037 0.6504629629629629 0.7615740740740741 0.6574074074074074 0.7546296296296297 0.6550925925925926 0.7546296296296297 0.6481481481481481 0.7615740740740741 0.6458333333333334
0 0.9652777777777778 0.8217592592592593 0.009259259259259259 0.009259259259259259
0 0.3819444444444444 0.08101851851851852 0.38425925925925924 0.08333333333333333 0.38425925925925924 0.08796296296296297 0.37962962962962965 0.09027777777777778 0.375 0.09027777777777778 0.375 0.08333333333333333 0.37962962962962965 0.08101851851851852
0 0.9745370370370371 0.4166666666666667 0.9768518518518519 0.41898148148148145 0.9745370370370371 0.4236111111111111 0.9675925925925926 0.4236111111111111 0.9675925925925926 0.41898148148148145 0.9722222222222222 0.4166666666666667
0 0.39814814814814814 0.020833333333333332 0.39814814814814814 0.023148148148148147 0.3888888888888889 0.023148148148148147 0.3912037037037037 0.018518518518518517 0.3958333333333333 0.020833333333333332
0 0.5254629629629629 0.5092592592592593 0.5254629629629629 0.5023148148148148 0.5277777777777778 0.5 0.5300925925925926 0.5 0.5324074074074074 0.5046296296296297 0.5324074074074074 0.5092592592592593 0.5300925925925926 0.5115740740740741 0.5277777777777778 0.5092592592592593
0 0.6805555555555556 0.9236111111111112 0.6828703703703703 0.9189814814814815 0.6898148148148148 0.9189814814814815 0.6898148148148148 0.9236111111111112 0.6828703703703703 0.9236111111111112
0 0.9085648148148148 0.21412037037037038 0.011574074074074073 0.006944444444444444
0 0.5625 0.05555555555555555 0.5625 0.046296296296296294 0.5648148148148148 0.04398148148148148 0.5717592592592593 0.04398148148148148 0.5740740740740741 0.04861111111111111 0.5740740740740741 0.05324074074074074 0.5717592592592593 0.05555555555555555 0.5648148148148148 0.05555555555555555
0 0.7129629629629629 0.6782407407407407 0.7199074074074074 0.6782407407407407 0.7199074074074074 0.6828703703703703 0.7175925925925926 0.6851851851851852 0.7152777777777778 0.6851851851851852 0.7129629629629629 0.6805555555555556