0 0.38657407407407407 0.9837962962962963 0.3819444444444444 0.9791666666666666 0.3819444444444444 0.9745370370370371 0.38657407407407407 0.9722222222222222 0.3912037037037037 0.9768518518518519 0.3888888888888889 0.9814814814814815
0 0.8703703703703703 0.47685185185185186 0.8726851851851852 0.4791666666666667 0.8726851851851852 0.4837962962962963 0.8657407407407407 0.4837962962962963 0.8657407407407407 0.4791666666666667 0.8680555555555556 0.4791666666666667
0 0.10069444444444445 0.47685185185185186 0.011574074074074073 0.009259259259259259
0 0.7615740740740741 0.16435185185185186 0.7662037037037037 0.16898148148148148 0.7662037037037037 0.1736111111111111 0.7615740740740741 0.17824074074074073 0.7569444444444444 0.17824074074074073 0.7523148148148148 0.1736111111111111 0.7523148148148148 0.16898148148148148 0.7592592592592593 0.16435185185185186
0 0.023148148148148147 0.4837962962962963 0.023148148148148147 0.49074074074074076 0.016203703703703703 0.49074074074074076 0.016203703703703703 0.4861111111111111 0.020833333333333332 0.4837962962962963
0 0.8796296296296297 0.5300925925925926 0.8865740740740741 0.5300925925925926 0.8865740740740741 0.5370370370370371 0.8842592592592593 0.5393518518518519 0.8773148148148148 0.5347222222222222 0.8796296296296297 0.5324074074074074
0 0.08912037037037036 0.7615740740740741 0.011574074074074073 0.009259259259259259
0 0.1550925925925926 0.27314814814814814 0.1550925925925926 0.26851851851851855 0.1574074074074074 0.2662037037037037 0.16203703703703703 0.26851851851851855 0.16203703703703703 0.27314814814814814 0.1574074074074074 0.27314814814814814
0 0.5231481481481481 0.7314814814814815 0.5277777777777778 0.7314814814814815 0.5277777777777778 0.7407407407407407 0.5231481481481481 0.7407407407407407 0.5208333333333334 0.7361111111111112 0.5231481481481481 0.7337962962962963
0 0.21296296296296297 0.8240740740740741 0.21064814814814814 0.8171296296296297 0.2152777777777778 0.8125 0.2175925925925926 0.8125 0.2199074074074074 0.8171296296296297 0.2175925925925926 0.8240740740740741 0.2152777777777778 0.8240740740740741
0 0.5300925925925926 0.9583333333333334 0.5347222222222222 0.9583333333333334 0.5370370370370371 0.9606481481481481 0.5370370370370371 0.9652777777777778 0.5324074074074074 0.9675925925925926 0.5277777777777778 0.9629629629629629 0.5300925925925926 0.9606481481481481
0 0.15046296296296297 0.8263888888888888 0.1550925925925926 0.8287037037037037 0.1550925925925926 0.8356481481481481 0.14814814814814814 0.8356481481481481 0.14583333333333334 0.8310185185185185 0.14814814814814814 0.8287037037037037
0 0.24074074074074073 0.8425925925925926 0.24305555555555555 0.8449074074074074 0.24305555555555555 0.8495370370370371 0.24074074074074073 0.8518518518518519 0.2361111111111111 0.8518518518518519 0.2337962962962963 0.8495370370370371 0.2337962962962963 0.8449074074074074 0.23842592592592593 0.8425925925925926
0 0.9780092592592593 0.2488425925925926 0.006944444444444444 0.006944444444444444
0 0.7013888888888888 0.13194444444444445 0.7013888888888888 0.1388888888888889 0.6967592592592593 0.1388888888888889 0.6944444444444444 0.13657407407407407 0.6944444444444444 0.13425925925925927 0.6990740740740741 0.13194444444444445
0 0.18287037037037038 0.7685185185185185 0.18518518518518517 0.7708333333333334 0.18518518518518517 0.7754629629629629 0.17824074074074073 0.7754629629629629 0.17824074074074073 0.7708333333333334 0.18055555555555555 0.7708333333333334
0 0.6111111111111112 0.6203703703703703 0.6180555555555556 0.6203703703703703 0.6180555555555556 0.625 0.6157407407407407 0.6273148148148148 0.6134259259259259 0.6273148148148148 0.6111111111111112 0.6226851851851852
0 0.32175925925925924 0.9629629629629629 0.32407407407407407 0.9652777777777778 0.32175925925925924 0.9699074074074074 0.3148148148148148 0.9699074074074074 0.3125 0.9675925925925926 0.3125 0.9629629629629629 0.3148148148148148 0.9606481481481481 0.3194444444444444 0.9629629629629629
0 0.25 0.19212962962962962 0.2523148148148148 0.19675925925925927 0.24768518518518517 0.2013888888888889 0.24074074074074073 0.19675925925925927 0.24768518518518517 0.19212962962962962
0 0.14583333333333334 0.6574074074074074 0.15046296296296297 0.6597222222222222 0.15046296296296297 0.6666666666666666 0.14583333333333334 0.6666666666666666 0.14583333333333334 0.6597222222222222
0 0.10185185185185185 0.6990740740740741 0.10416666666666667 0.7013888888888888 0.1087962962962963 0.7013888888888888 0.1111111111111111 0.7037037037037037 0.1111111111111111 0.7083333333333334 0.10416666666666667 0.7129629629629629 0.09722222222222222 0.7106481481481481 0.09490740740740741 0.7083333333333334 0.09490740740740741 0.7037037037037037 0.09953703703703703 0.7013888888888888
0 0.8506944444444444 0.15046296296296297 0.006944444444444444 0.009259259259259259
0 0.9837962962962963 0.8217592592592593 0.9837962962962963 0.8171296296296297 0.9861111111111112 0.8148148148148148 0.9930555555555556 0.8194444444444444 0.9930555555555556 0.8217592592592593 0.9884259259259259 0.8240740740740741 0.9861111111111112 0.8217592592592593
0 0.5625 0.6620370370370371 0.5625 0.6550925925925926 0.5648148148148148 0.6527777777777778 0.5694444444444444 0.6550925925925926 0.5694444444444444 0.6597222222222222 0.5648148148148148 0.6620370370370371
0 0.0625 0.9421296296296297 0.06712962962962964 0.9421296296296297 0.06712962962962964 0.9490740740740741 0.0625 0.9490740740740741 0.0625 0.9444444444444444
0 0.4791666666666667 0.12268518518518519 0.4791666666666667 0.12962962962962962 0.47453703703703703 0.12962962962962962 0.4722222222222222 0.12731481481481483 0.4722222222222222 0.125 0.47685185185185186 0.12268518518518519
0 0.9652777777777778 0.37962962962962965 0.009259259259259259 0.009259259259259259
0 0.8252314814814815 0.6736111111111112 0.011574074074074073 0.009259259259259259
0 0.1909722222222222 0.8159722222222222 0.011574074074074073 0.011574074074074073
0 0.5717592592592593 0.4791666666666667 0.5787037037037037 0.4791666666666667 0.5787037037037037 0.4861111111111111 0.5763888888888888 0.48842592592592593 0.5694444444444444 0.4837962962962963 0.5717592592592593 0.48148148148148145
0 0.2534722222222222 0.06597222222222222 0.006944444444444444 0.006944444444444444
0 0.09490740740740741 0.09953703703703703 0.09953703703703703 0.10185185185185185 0.10185185185185185 0.10648148148148148 0.09953703703703703 0.1087962962962963 0.09259259259259259 0.1087962962962963 0.09027777777777778 0.10416666666666667 0.09259259259259259 0.10185185185185185
0 0.6087962962962963 0.3125 0.6180555555555556 0.3125 0.6180555555555556 0.31712962962962965 0.6134259259259259 0.32175925925925924 0.6087962962962963 0.3148148148148148
0 0.6712962962962963 0.9606481481481481 0.6782407407407407 0.9606481481481481 0.6782407407407407 0.9652777777777778 0.6759259259259259 0.9675925925925926 0.6712962962962963 0.9652777777777778 0.6712962962962963 0.9629629629629629
0 0.6412037037037037 0.2337962962962963 0.6412037037037037 0.22916666666666666 0.6435185185185185 0.22685185185185186 0.6481481481481481 0.22916666666666666 0.6481481481481481 0.2337962962962963 0.6435185185185185 0.2337962962962963
0 0.9375 0.4976851851851852 0.9421296296296297 0.5 0.9421296296296297 0.5023148148148148 0.9398148148148148 0.5046296296296297 0.9328703703703703 0.5046296296296297 0.9328703703703703 0.5 0.9351851851851852 0.5