0 0.1284722222222222 0.28587962962962965 0.006944444444444444 0.006944444444444444
0 0.5659722222222222 0.27662037037037035 0.006944444444444444 0.006944444444444444
0 0.8865740740740741 0.11689814814814815 0.013888888888888888 0.011574074074074073
0 0.9050925925925926 0.9513888888888888 0.9120370370370371 0.9513888888888888 0.9120370370370371 0.9560185185185185 0.9097222222222222 0.9583333333333334 0.9074074074074074 0.9583333333333334 0.9050925925925926 0.9537037037037037
0 0.059027777777777776 0.6550925925925926 0.006944444444444444 0.009259259259259259
0 0.4444444444444444 0.5949074074074074 0.009259259259259259 0.009259259259259259
0 0.15046296296296297 0.22453703703703703 0.1527777777777778 0.2199074074074074 0.1597222222222222 0.2199074074074074 0.1597222222222222 0.22453703703703703 0.1527777777777778 0.22453703703703703
0 0.05092592592592592 0.1712962962962963 0.05092592592592592 0.16666666666666666 0.05324074074074074 0.16435185185185186 0.06018518518518518 0.16435185185185186 0.06018518518518518 0.16898148148148148 0.05787037037037037 0.1712962962962963 0.05324074074074074 0.1712962962962963
0 0.9953703703703703 0.7361111111111112 0.9953703703703703 0.7430555555555556 0.9930555555555556 0.7453703703703703 0.9837962962962963 0.7430555555555556 0.9837962962962963 0.7384259259259259 0.9884259259259259 0.7337962962962963 0.9930555555555556 0.7361111111111112
0 0.3101851851851852 0.8680555555555556 0.013888888888888888 0.013888888888888888
0 0.49537037037037035 0.6898148148148148 0.4976851851851852 0.6921296296296297 0.4976851851851852 0.6967592592592593 0.4930555555555556 0.6990740740740741 0.49074074074074076 0.6967592592592593 0.49074074074074076 0.6921296296296297 0.4930555555555556 0.6921296296296297
0 0.06944444444444445 0.6875 0.0763888888888889 0.6875 0.08101851851851852 0.6921296296296297 0.0787037037037037 0.6967592592592593 0.07175925925925926 0.6990740740740741 0.06712962962962964 0.6921296296296297 0.06944444444444445 0.6898148148148148
0 0.2847222222222222 0.9050925925925926 0.28935185185185186 0.9074074074074074 0.28703703703703703 0.9166666666666666 0.2800925925925926 0.9166666666666666 0.27546296296296297 0.9120370370370371 0.27546296296296297 0.9074074074074074 0.2824074074074074 0.9050925925925926
0 0.4097222222222222 0.4861111111111111 0.4097222222222222 0.48148148148148145 0.41203703703703703 0.4791666666666667 0.4166666666666667 0.48148148148148145 0.4166666666666667 0.4861111111111111 0.41435185185185186 0.48842592592592593 0.41203703703703703 0.4861111111111111
0 0.48148148148148145 0.06712962962962964 0.48148148148148145 0.06018518518518518 0.4837962962962963 0.05787037037037037 0.48842592592592593 0.06018518518518518 0.48842592592592593 0.06481481481481481 0.4837962962962963 0.06712962962962964
0 0.1527777777777778 0.49074074074074076 0.1550925925925926 0.4930555555555556 0.1550925925925926 0.4976851851851852 0.15046296296296297 0.5023148148148148 0.14814814814814814 0.5023148148148148 0.14351851851851852 0.49537037037037035 0.15046296296296297 0.49074074074074076
0 0.4525462962962963 0.3229166666666667 0.006944444444444444 0.006944444444444444
0 0.09259259259259259 0.46296296296296297 0.09490740740740741 0.4652777777777778 0.09490740740740741 0.4699074074074074 0.09259259259259259 0.4722222222222222 0.08796296296296297 0.4722222222222222 0.08796296296296297 0.4652777777777778 0.09027777777777778 0.4652777777777778
0 0.2037037037037037 0.4351851851851852 0.20601851851851852 0.4375 0.2037037037037037 0.44212962962962965 0.19907407407407407 0.44212962962962965 0.19675925925925927 0.4398148148148148 0.19675925925925927 0.4375 0.2013888888888889 0.4351851851851852
0 0.21296296296296297 0.5879629629629629 0.22453703703703703 0.5879629629629629 0.22453703703703703 0.5949074074074074 0.2175925925925926 0.5995370370370371 0.21296296296296297 0.5972222222222222 0.21296296296296297 0.5902777777777778
0 0.7013888888888888 0.5324074074074074 0.7106481481481481 0.5324074074074074 0.7106481481481481 0.5393518518518519 0.7083333333333334 0.5416666666666666 0.7037037037037037 0.5416666666666666 0.7013888888888888 0.5393518518518519 0.7013888888888888 0.5347222222222222
0 0.3194444444444444 0.9768518518518519 0.3263888888888889 0.9768518518518519 0.3263888888888889 0.9814814814814815 0.32407407407407407 0.9837962962962963 0.3194444444444444 0.9837962962962963 0.3194444444444444 0.9791666666666666
0 0.4363425925925926 0.7048611111111112 0.006944444444444444 0.006944444444444444
0 0.0787037037037037 0.011574074074074073 0.08333333333333333 0.013888888888888888 0.08101851851851852 0.023148148148148147 0.07407407407407407 0.023148148148148147 0.07175925925925926 0.020833333333333332 0.07175925925925926 0.013888888888888888 0.0763888888888889 0.013888888888888888
0 0.6782407407407407 0.27546296296296297 0.6805555555555556 0.2777777777777778 0.6782407407407407 0.28703703703703703 0.6712962962962963 0.2847222222222222 0.6712962962962963 0.2777777777777778 0.6759259259259259 0.27546296296296297
0 0.9861111111111112 0.3055555555555556 0.009259259259259259 0.009259259259259259
0 0.8356481481481481 0.7199074074074074 0.8356481481481481 0.7268518518518519 0.8310185185185185 0.7268518518518519 0.8287037037037037 0.7245370370370371 0.8287037037037037 0.7222222222222222 0.8333333333333334 0.7199074074074074
0 0.4027777777777778 0.032407407407407406 0.4050925925925926 0.03009259259259259 0.41203703703703703 0.03009259259259259 0.41203703703703703 0.034722222222222224 0.4097222222222222 0.037037037037037035 0.4050925925925926 0.037037037037037035 0.4050925925925926 0.034722222222222224
0 0.5439814814814815 0.2199074074074074 0.5486111111111112 0.2199074074074074 0.5532407407407407 0.22453703703703703 0.5509259259259259 0.22916666666666666 0.5439814814814815 0.22916666666666666 0.5416666666666666 0.22685185185185186 0.5439814814814815 0.2222222222222222
0 0.09606481481481481 0.7847222222222222 0.006944444444444444 0.009259259259259259
0 0.30092592592592593 0.5254629629629629 0.3055555555555556 0.5277777777777778 0.3055555555555556 0.5370370370370371 0.30092592592592593 0.5393518518518519 0.2962962962962963 0.5370370370370371 0.29398148148148145 0.5324074074074074 0.2986111111111111 0.5277777777777778