0 0.8194444444444444 0.11342592592592593 0.8240740740740741 0.1111111111111111 0.8310185185185185 0.11342592592592593 0.8310185185185185 0.11805555555555555 0.8263888888888888 0.12037037037037036 0.8217592592592593 0.12037037037037036 0.8194444444444444 0.11574074074074074
0 0.45601851851851855 0.6284722222222222 0.009259259259259259 0.006944444444444444
0 0.11342592592592593 0.2974537037037037 0.013888888888888888 0.011574074074074073
0 0.8564814814814815 0.018518518518518517 0.8587962962962963 0.023148148148148147 0.8541666666666666 0.02546296296296296 0.8495370370370371 0.023148148148148147 0.8495370370370371 0.020833333333333332 0.8541666666666666 0.018518518518518517
0 0.7060185185185185 0.49537037037037035 0.7106481481481481 0.4976851851851852 0.7106481481481481 0.5046296296296297 0.7060185185185185 0.5092592592592593 0.7013888888888888 0.5092592592592593 0.6967592592592593 0.5046296296296297 0.6967592592592593 0.4976851851851852 0.7037037037037037 0.49537037037037035
0 0.47453703703703703 0.5370370370370371 0.4791666666666667 0.5393518518518519 0.47453703703703703 0.5439814814814815 0.4699074074074074 0.5439814814814815 0.4675925925925926 0.5416666666666666 0.4675925925925926 0.5393518518518519 0.4722222222222222 0.5370370370370371
0 0.33217592592592593 0.5671296296296297 0.011574074074074073 0.009259259259259259
0 0.19444444444444445 0.08796296296296297 0.2037037037037037 0.08796296296296297 0.2037037037037037 0.09259259259259259 0.19444444444444445 0.09259259259259259 0.19444444444444445 0.09027777777777778
0 0.18055555555555555 0.06944444444444445 0.1875 0.07407407407407407 0.1875 0.0787037037037037 0.18518518518518517 0.08101851851851852 0.17824074074074073 0.08101851851851852 0.17592592592592593 0.0787037037037037 0.17592592592592593 0.07407407407407407 0.17824074074074073 0.07175925925925926
0 0.22685185185185186 0.1875 0.23148148148148148 0.19212962962962962 0.23148148148148148 0.19675925925925927 0.22916666666666666 0.19907407407407407 0.2199074074074074 0.19907407407407407 0.2199074074074074 0.18981481481481483 0.22453703703703703 0.1875
0 0.22916666666666666 0.6319444444444444 0.2361111111111111 0.6319444444444444 0.2361111111111111 0.6388888888888888 0.23148148148148148 0.6388888888888888 0.22916666666666666 0.6342592592592593
0 0.3541666666666667 0.3402777777777778 0.3541666666666667 0.3449074074074074 0.34953703703703703 0.34953703703703703 0.3449074074074074 0.3472222222222222 0.3425925925925926 0.3425925925925926 0.3449074074074074 0.3402777777777778 0.35185185185185186 0.3402777777777778
0 0.17592592592592593 0.22569444444444445 0.009259259259259259 0.006944444444444444
0 0.016203703703703703 0.8796296296296297 0.023148148148148147 0.875 0.02546296296296296 0.8773148148148148 0.02546296296296296 0.8819444444444444 0.023148148148148147 0.8842592592592593 0.018518518518518517 0.8819444444444444
0 0.9652777777777778 0.32175925925925924 0.9652777777777778 0.31712962962962965 0.9675925925925926 0.3148148148148148 0.9722222222222222 0.31712962962962965 0.9722222222222222 0.32175925925925924 0.9675925925925926 0.32175925925925924
0 0.5115740740740741 0.6736111111111112 0.5138888888888888 0.6759259259259259 0.5138888888888888 0.6805555555555556 0.5115740740740741 0.6828703703703703 0.5069444444444444 0.6828703703703703 0.5046296296296297 0.6805555555555556 0.5046296296296297 0.6759259259259259 0.5092592592592593 0.6736111111111112
0 0.4375 0.4583333333333333 0.44212962962962965 0.46296296296296297 0.4398148148148148 0.4675925925925926 0.4305555555555556 0.4675925925925926 0.42592592592592593 0.46296296296296297 0.42824074074074076 0.4583333333333333 0.4351851851851852 0.4583333333333333
0 0.6689814814814815 0.10185185185185185 0.013888888888888888 0.013888888888888888
0 0.14351851851851852 0.8356481481481481 0.14583333333333334 0.8379629629629629 0.14351851851851852 0.8425925925925926 0.1388888888888889 0.8425925925925926 0.13657407407407407 0.8379629629629629 0.1412037037037037 0.8356481481481481
0 0.7777777777777778 0.10416666666666667 0.7847222222222222 0.09953703703703703 0.7870370370370371 0.10185185185185185 0.7870370370370371 0.10648148148148148 0.7800925925925926 0.10648148148148148