0 0.020833333333333332 0.44212962962962965 0.020833333333333332 0.4351851851851852 0.023148148148148147 0.43287037037037035 0.03009259259259259 0.43287037037037035 0.032407407407407406 0.4375 0.03009259259259259 0.44212962962962965 0.023148148148148147 0.44212962962962965
0 0.39814814814814814 0.7754629629629629 0.39814814814814814 0.7824074074074074 0.3912037037037037 0.7824074074074074 0.3912037037037037 0.7777777777777778 0.3958333333333333 0.7754629629629629
0 0.9432870370370371 0.8888888888888888 0.006944444444444444 0.009259259259259259
0 0 0.7199074074074074 0.004629629629629629 0.7199074074074074 0.004629629629629629 0.7268518518518519 0 0.7268518518518519 0 0.7222222222222222
0 0.020833333333333332 0.4050925925925926 0.02546296296296296 0.39814814814814814 0.03009259259259259 0.40046296296296297 0.03009259259259259 0.4050925925925926 0.02546296296296296 0.4074074074074074 0.023148148148148147 0.4050925925925926
0 0.9791666666666666 0.7569444444444444 0.9861111111111112 0.7569444444444444 0.9861111111111112 0.7638888888888888 0.9837962962962963 0.7662037037037037 0.9791666666666666 0.7638888888888888 0.9791666666666666 0.7592592592592593
0 0.32523148148148145 0.24074074074074073 0.006944444444444444 0.009259259259259259
0 0.6064814814814815 0.34837962962962965 0.009259259259259259 0.006944444444444444
0 0.19791666666666666 0.41898148148148145 0.011574074074074073 0.009259259259259259
0 0.2175925925925926 0.7245370370370371 0.2222222222222222 0.7268518518518519 0.2222222222222222 0.7337962962962963 0.2199074074074074 0.7361111111111112 0.21296296296296297 0.7361111111111112 0.21064814814814814 0.7314814814814815 0.21296296296296297 0.7268518518518519 0.2152777777777778 0.7268518518518519
0 0.7175925925925926 0.7129629629629629 0.7245370370370371 0.7175925925925926 0.7245370370370371 0.7222222222222222 0.7175925925925926 0.7291666666666666 0.7129629629629629 0.7291666666666666 0.7083333333333334 0.7199074074074074 0.7152777777777778 0.7152777777777778
0 0.5625 0.7592592592592593 0.5671296296296297 0.7592592592592593 0.5717592592592593 0.7638888888888888 0.5648148148148148 0.7731481481481481 0.5601851851851852 0.7685185185185185 0.5601851851851852 0.7638888888888888 0.5625 0.7615740740740741
0 0.75 0.8819444444444444 0.7546296296296297 0.8819444444444444 0.7569444444444444 0.8865740740740741 0.7546296296296297 0.8888888888888888 0.75 0.8888888888888888 0.75 0.8842592592592593
0 0.5763888888888888 0.2569444444444444 0.5833333333333334 0.2569444444444444 0.5833333333333334 0.26157407407407407 0.5810185185185185 0.2638888888888889 0.5763888888888888 0.2638888888888889 0.5763888888888888 0.25925925925925924
0 0.2962962962962963 0.9490740740740741 0.2962962962962963 0.9583333333333334 0.29398148148148145 0.9606481481481481 0.28935185185185186 0.9606481481481481 0.2847222222222222 0.9560185185185185 0.2847222222222222 0.9513888888888888 0.28703703703703703 0.9490740740740741 0.29398148148148145 0.9490740740740741