0 0.9259259259259259 0.08333333333333333 0.9328703703703703 0.08333333333333333 0.9328703703703703 0.09027777777777778 0.9305555555555556 0.09259259259259259 0.9282407407407407 0.09259259259259259 0.9259259259259259 0.08564814814814815
0 0.6944444444444444 0.2662037037037037 0.6990740740740741 0.2662037037037037 0.6990740740740741 0.27546296296296297 0.6944444444444444 0.27546296296296297 0.6944444444444444 0.26851851851851855
0 0.023148148148148147 0.30092592592592593 0.023148148148148147 0.30787037037037035 0.020833333333333332 0.3101851851851852 0.016203703703703703 0.3055555555555556 0.016203703703703703 0.30324074074074076 0.020833333333333332 0.30092592592592593
0 0.18981481481481483 0.6805555555555556 0.009259259259259259 0.009259259259259259
0 0.2881944444444444 0.14583333333333334 0.006944444444444444 0.009259259259259259
0 0.3611111111111111 0.8020833333333334 0.009259259259259259 0.011574074074074073
0 0.8344907407407407 0.7928240740740741 0.006944444444444444 0.006944444444444444
0 0.2488425925925926 0.3958333333333333 0.006944444444444444 0.009259259259259259
0 0.04513888888888889 0.22685185185185186 0.006944444444444444 0.009259259259259259
0 0.4398148148148148 0.8703703703703703 0.44907407407407407 0.8703703703703703 0.44675925925925924 0.8796296296296297 0.44212962962962965 0.8796296296296297 0.4398148148148148 0.8773148148148148 0.4398148148148148 0.8726851851851852
0 0.5486111111111112 0.9328703703703703 0.009259259259259259 0.009259259259259259
0 0.23842592592592593 0.8125 0.24537037037037038 0.8125 0.24768518518518517 0.8171296296296297 0.24768518518518517 0.8217592592592593 0.24305555555555555 0.8240740740740741 0.23842592592592593 0.8194444444444444 0.23842592592592593 0.8148148148148148
0 0.41435185185185186 0.21875 0.009259259259259259 0.011574074074074073
0 0.8055555555555556 0.6388888888888888 0.004629629629629629 0.009259259259259259
0 0.8831018518518519 0.44907407407407407 0.006944444444444444 0.009259259259259259
0 0.6423611111111112 0.5277777777777778 0.006944444444444444 0.009259259259259259
0 0.4351851851851852 0.09490740740740741 0.004629629629629629 0.009259259259259259
0 0.9780092592592593 0.18287037037037038 0.006944444444444444 0.009259259259259259
0 0.5127314814814815 0.5416666666666666 0.006944444444444444 0.009259259259259259
0 0.3506944444444444 0.4965277777777778 0.006944444444444444 0.006944444444444444