0 0.3923611111111111 0.9328703703703703 0.006944444444444444 0.009259259259259259
0 0.6342592592592593 0.5185185185185185 0.6342592592592593 0.5231481481481481 0.6319444444444444 0.5254629629629629 0.6273148148148148 0.5254629629629629 0.6273148148148148 0.5208333333333334 0.6319444444444444 0.5185185185185185
0 0.12268518518518519 0.7581018518518519 0.004629629629629629 0.006944444444444444
0 0.005787037037037037 0.30787037037037035 0.006944444444444444 0.009259259259259259
0 0.9560185185185185 0.5879629629629629 0.009259259259259259 0.009259259259259259
0 0.6400462962962963 0.7233796296296297 0.006944444444444444 0.006944444444444444
0 0.2743055555555556 0.30092592592592593 0.006944444444444444 0.009259259259259259
0 0.6168981481481481 0.36689814814814814 0.006944444444444444 0.006944444444444444
0 0.2569444444444444 0.7361111111111112 0.2569444444444444 0.7291666666666666 0.25925925925925924 0.7268518518518519 0.26157407407407407 0.7268518518518519 0.2638888888888889 0.7314814814814815 0.26157407407407407 0.7361111111111112 0.25925925925925924 0.7361111111111112
0 0.4479166666666667 0.5104166666666666 0.006944444444444444 0.006944444444444444
0 0.3229166666666667 0.7037037037037037 0.006944444444444444 0.009259259259259259
0 0.9884259259259259 0.3101851851851852 0.9837962962962963 0.30324074074074076 0.9907407407407407 0.2986111111111111 0.9930555555555556 0.30092592592592593 0.9930555555555556 0.30787037037037035 0.9907407407407407 0.30787037037037035
0 0.7824074074074074 0.8032407407407407 0.009259259259259259 0.009259259259259259
0 0.5763888888888888 0.41898148148148145 0.5856481481481481 0.41898148148148145 0.5856481481481481 0.4236111111111111 0.5810185185185185 0.42592592592592593 0.5763888888888888 0.42592592592592593 0.5763888888888888 0.4212962962962963
0 0.03819444444444445 0.12037037037037036 0.006944444444444444 0.009259259259259259
0 0.7071759259259259 0.3645833333333333 0.006944444444444444 0.006944444444444444
0 0.7233796296296297 0.6875 0.006944444444444444 0.009259259259259259
0 0.8344907407407407 0.2638888888888889 0.006944444444444444 0.009259259259259259
0 0.8229166666666666 0.5208333333333334 0.006944444444444444 0.009259259259259259