0 0.9479166666666666 0.3287037037037037 0.006944444444444444 0.009259259259259259
0 0.2152777777777778 0.7199074074074074 0.004629629629629629 0.009259259259259259
0 0.13425925925925927 0.12037037037037036 0.13657407407407407 0.12268518518518519 0.13657407407407407 0.12731481481481483 0.13425925925925927 0.12962962962962962 0.12731481481481483 0.12962962962962962 0.12731481481481483 0.12268518518518519 0.13194444444444445 0.12037037037037036
0 0.6226851851851852 0.4861111111111111 0.004629629629629629 0.009259259259259259
0 0.9583333333333334 0.06481481481481481 0.009259259259259259 0.009259259259259259
0 0.7754629629629629 0.6504629629629629 0.009259259259259259 0.009259259259259259
0 0.3055555555555556 0.3900462962962963 0.004629629629629629 0.011574074074074073
0 0.4097222222222222 0.7546296296296297 0.4097222222222222 0.7476851851851852 0.41203703703703703 0.7453703703703703 0.41898148148148145 0.7453703703703703 0.4212962962962963 0.75 0.4166666666666667 0.7569444444444444 0.41203703703703703 0.7546296296296297
0 0.17708333333333334 0.05555555555555555 0.006944444444444444 0.009259259259259259
0 0.6111111111111112 0.9768518518518519 0.6180555555555556 0.9768518518518519 0.6180555555555556 0.9837962962962963 0.6134259259259259 0.9837962962962963 0.6111111111111112 0.9791666666666666
0 0.39351851851851855 0.25462962962962965 0.39351851851851855 0.24768518518518517 0.3958333333333333 0.24537037037037038 0.39814814814814814 0.24537037037037038 0.39814814814814814 0.2523148148148148 0.3958333333333333 0.25462962962962965
0 0.5115740740740741 0.29398148148148145 0.5162037037037037 0.29398148148148145 0.5185185185185185 0.2962962962962963 0.5185185185185185 0.30092592592592593 0.5162037037037037 0.30324074074074076 0.5115740740740741 0.2962962962962963
0 0.3541666666666667 0.7118055555555556 0.004629629629629629 0.006944444444444444
0 0.4699074074074074 0.16203703703703703 0.47453703703703703 0.16203703703703703 0.47685185185185186 0.16435185185185186 0.47453703703703703 0.1736111111111111 0.4699074074074074 0.1736111111111111 0.4699074074074074 0.16435185185185186
0 0.7939814814814815 0.5787037037037037 0.7939814814814815 0.5717592592592593 0.7962962962962963 0.5694444444444444 0.7986111111111112 0.5694444444444444 0.8009259259259259 0.5740740740740741 0.7986111111111112 0.5787037037037037 0.7962962962962963 0.5787037037037037
0 0.6782407407407407 0.07407407407407407 0.009259259259259259 0.009259259259259259
0 0.6932870370370371 0.40625 0.006944444444444444 0.006944444444444444
0 0.2835648148148148 0.18287037037037038 0.011574074074074073 0.009259259259259259
0 0.1875 0.3101851851851852 0.19212962962962962 0.3125 0.19212962962962962 0.31712962962962965 0.18518518518518517 0.31712962962962965 0.18518518518518517 0.3125
0 0.6365740740740741 0.49537037037037035 0.6365740740740741 0.5046296296296297 0.6342592592592593 0.5046296296296297 0.6296296296296297 0.4976851851851852 0.6342592592592593 0.49537037037037035
0 0.9571759259259259 0.4074074074074074 0.006944444444444444 0.009259259259259259
0 0.6203703703703703 0.6435185185185185 0.6226851851851852 0.6435185185185185 0.625 0.6481481481481481 0.625 0.6504629629629629 0.6203703703703703 0.6527777777777778 0.6180555555555556 0.6481481481481481 0.6203703703703703 0.6458333333333334
0 0.7106481481481481 0.2824074074074074 0.7129629629629629 0.2847222222222222 0.7129629629629629 0.2916666666666667 0.7083333333333334 0.2916666666666667 0.7083333333333334 0.2847222222222222
0 0.7905092592592593 0.22916666666666666 0.006944444444444444 0.009259259259259259
0 0.9224537037037037 0.4675925925925926 0.006944444444444444 0.009259259259259259
0 0.7268518518518519 0.8009259259259259 0.004629629629629629 0.009259259259259259