0 0.9861111111111112 0.2152777777777778 0.9884259259259259 0.2199074074074074 0.9837962962962963 0.22685185185185186 0.9791666666666666 0.22453703703703703 0.9791666666666666 0.2175925925925926 0.9837962962962963 0.2152777777777778
0 0.4224537037037037 0.7685185185185185 0.006944444444444444 0.009259259259259259
0 0.9143518518518519 0.6550925925925926 0.9143518518518519 0.6435185185185185 0.9212962962962963 0.6388888888888888 0.9282407407407407 0.6435185185185185 0.9282407407407407 0.6527777777777778 0.9212962962962963 0.6574074074074074 0.9166666666666666 0.6550925925925926
0 0.07407407407407407 0.5879629629629629 0.08101851851851852 0.5879629629629629 0.08101851851851852 0.5995370370370371 0.0763888888888889 0.5995370370370371 0.07407407407407407 0.5902777777777778
0 0.9155092592592593 0.14814814814814814 0.011574074074074073 0.013888888888888888
0 0.2743055555555556 0.22685185185185186 0.006944444444444444 0.009259259259259259
0 0.27314814814814814 0.5069444444444444 0.27314814814814814 0.5138888888888888 0.26851851851851855 0.5138888888888888 0.2662037037037037 0.5115740740740741 0.2662037037037037 0.5092592592592593 0.2708333333333333 0.5069444444444444
0 0.4444444444444444 0.36574074074074076 0.44212962962962965 0.3611111111111111 0.44212962962962965 0.35648148148148145 0.4444444444444444 0.3541666666666667 0.44907407407407407 0.35648148148148145 0.44907407407407407 0.36574074074074076 0.44675925925925924 0.36574074074074076
0 0.14583333333333334 0.4652777777777778 0.14814814814814814 0.4675925925925926 0.14814814814814814 0.4722222222222222 0.14351851851851852 0.47685185185185186 0.13657407407407407 0.47685185185185186 0.13657407407407407 0.4699074074074074 0.14351851851851852 0.4652777777777778
0 0.3020833333333333 0.07291666666666667 0.006944444444444444 0.006944444444444444
0 0.5115740740740741 0.18055555555555555 0.5185185185185185 0.18055555555555555 0.5208333333333334 0.18287037037037038 0.5162037037037037 0.18981481481481483 0.5115740740740741 0.1875 0.5115740740740741 0.18287037037037038
0 0.5648148148148148 0.011574074074074073 0.5648148148148148 0.018518518518518517 0.5601851851851852 0.020833333333333332 0.5578703703703703 0.020833333333333332 0.5578703703703703 0.013888888888888888 0.5625 0.011574074074074073
0 0.7384259259259259 0.6180555555555556 0.7430555555555556 0.6203703703703703 0.7430555555555556 0.625 0.7384259259259259 0.6296296296296297 0.7337962962962963 0.6296296296296297 0.7314814814814815 0.6273148148148148 0.7314814814814815 0.6203703703703703 0.7361111111111112 0.6180555555555556