0 0.8993055555555556 0.059027777777777776 0.006944444444444444 0.006944444444444444
0 0.5763888888888888 0.3611111111111111 0.009259259259259259 0.009259259259259259
0 0.7523148148148148 0.6203703703703703 0.7569444444444444 0.625 0.7546296296296297 0.6342592592592593 0.75 0.6342592592592593 0.7453703703703703 0.6296296296296297 0.75 0.6226851851851852
0 0.2175925925925926 0.6238425925925926 0.009259259259259259 0.006944444444444444
0 0.8113425925925926 0.6145833333333334 0.006944444444444444 0.006944444444444444
0 0.3148148148148148 0.7129629629629629 0.004629629629629629 0.009259259259259259
0 0.4548611111111111 0.47453703703703703 0.006944444444444444 0.009259259259259259
0 0.20717592592592593 0.5590277777777778 0.006944444444444444 0.006944444444444444
0 0.41782407407407407 0.2337962962962963 0.006944444444444444 0.009259259259259259
0 0.5034722222222222 0.34837962962962965 0.006944444444444444 0.006944444444444444
0 0.5925925925925926 0.4444444444444444 0.5972222222222222 0.4444444444444444 0.5995370370370371 0.44675925925925924 0.5995370370370371 0.4537037037037037 0.5949074074074074 0.4537037037037037 0.5925925925925926 0.4513888888888889 0.5925925925925926 0.44675925925925924
0 0.6990740740740741 0.5173611111111112 0.004629629629629629 0.006944444444444444