0 0.42824074074074076 0.8796296296296297 0.42824074074074076 0.875 0.43287037037037035 0.8703703703703703 0.4398148148148148 0.875 0.4398148148148148 0.8796296296296297 0.4375 0.8819444444444444 0.43287037037037035 0.8819444444444444 0.4305555555555556 0.8796296296296297
0 0.2013888888888889 0.30787037037037035 0.20601851851851852 0.30787037037037035 0.20601851851851852 0.3148148148148148 0.2037037037037037 0.31712962962962965 0.2013888888888889 0.3148148148148148 0.2013888888888889 0.3101851851851852
0 0.5833333333333334 0.5925925925925926 0.5856481481481481 0.5949074074074074 0.5856481481481481 0.5995370370370371 0.5833333333333334 0.6018518518518519 0.5787037037037037 0.6018518518518519 0.5763888888888888 0.5995370370370371 0.5763888888888888 0.5949074074074074 0.5810185185185185 0.5925925925925926
0 0.24074074074074073 0.2037037037037037 0.24305555555555555 0.20833333333333334 0.23842592592592593 0.21296296296296297 0.2337962962962963 0.21064814814814814 0.2337962962962963 0.20601851851851852 0.23842592592592593 0.2037037037037037
0 0.8564814814814815 0.7615740740740741 0.8611111111111112 0.7592592592592593 0.8657407407407407 0.7615740740740741 0.8611111111111112 0.7685185185185185 0.8587962962962963 0.7685185185185185 0.8564814814814815 0.7638888888888888
0 0.8587962962962963 0.7418981481481481 0.009259259259259259 0.006944444444444444
0 0.9444444444444444 0.9236111111111112 0.9444444444444444 0.9143518518518519 0.9467592592592593 0.9120370370370371 0.9537037037037037 0.9120370370370371 0.9560185185185185 0.9143518518518519 0.9560185185185185 0.9236111111111112 0.9467592592592593 0.9236111111111112
0 0.8402777777777778 0.15625 0.009259259259259259 0.011574074074074073
0 0.7465277777777778 0.1076388888888889 0.006944444444444444 0.006944444444444444
0 0.8379629629629629 0.6388888888888888 0.8425925925925926 0.6388888888888888 0.8449074074074074 0.6365740740740741 0.8495370370370371 0.6388888888888888 0.8495370370370371 0.6481481481481481 0.8379629629629629 0.6481481481481481 0.8379629629629629 0.6412037037037037
0 0.1111111111111111 0.5694444444444444 0.11342592592592593 0.5717592592592593 0.11342592592592593 0.5763888888888888 0.1087962962962963 0.5787037037037037 0.10648148148148148 0.5763888888888888 0.10648148148148148 0.5717592592592593 0.1087962962962963 0.5717592592592593
0 0.8634259259259259 0.6041666666666666 0.8634259259259259 0.5972222222222222 0.8657407407407407 0.5949074074074074 0.8703703703703703 0.5972222222222222 0.8703703703703703 0.6018518518518519 0.8657407407407407 0.6041666666666666
0 0.7847222222222222 0.2013888888888889 0.7870370370370371 0.20601851851851852 0.7824074074074074 0.21064814814814814 0.7777777777777778 0.20601851851851852 0.7777777777777778 0.2037037037037037 0.7824074074074074 0.2013888888888889
0 0.5162037037037037 0.08796296296296297 0.5185185185185185 0.09027777777777778 0.5185185185185185 0.09722222222222222 0.5162037037037037 0.09953703703703703 0.5115740740740741 0.09953703703703703 0.5069444444444444 0.09490740740740741 0.5092592592592593 0.09027777777777778 0.5138888888888888 0.08796296296296297