0 0.9513888888888888 0.22685185185185186 0.9560185185185185 0.22685185185185186 0.9560185185185185 0.2337962962962963 0.9513888888888888 0.2337962962962963 0.9513888888888888 0.22916666666666666
0 0.08680555555555555 0.4861111111111111 0.006944444444444444 0.009259259259259259
0 0.24074074074074073 0.27546296296296297 0.009259259259259259 0.009259259259259259
0 0.8020833333333334 0.9780092592592593 0.016203703703703703 0.016203703703703703
0 0.09259259259259259 0.8379629629629629 0.004629629629629629 0.009259259259259259
0 0.36342592592592593 0.4988425925925926 0.009259259259259259 0.011574074074074073
0 0.8425925925925926 0.5092592592592593 0.8495370370370371 0.5138888888888888 0.8495370370370371 0.5185185185185185 0.8449074074074074 0.5231481481481481 0.8379629629629629 0.5231481481481481 0.8356481481481481 0.5138888888888888 0.8402777777777778 0.5115740740740741
0 0.27662037037037035 0.2743055555555556 0.006944444444444444 0.011574074074074073
0 0.22800925925925927 0.3541666666666667 0.006944444444444444 0.009259259259259259
0 0.0787037037037037 0.6203703703703703 0.08564814814814815 0.6203703703703703 0.08564814814814815 0.6273148148148148 0.0787037037037037 0.6226851851851852
0 0.8761574074074074 0.8865740740740741 0.006944444444444444 0.009259259259259259
0 0.6782407407407407 0.6203703703703703 0.6851851851851852 0.6203703703703703 0.6875 0.6226851851851852 0.6875 0.6296296296296297 0.6782407407407407 0.6296296296296297 0.6782407407407407 0.6226851851851852
0 0.3298611111111111 0.22685185185185186 0.006944444444444444 0.009259259259259259
0 0.5416666666666666 0.9375 0.5439814814814815 0.9398148148148148 0.5416666666666666 0.9444444444444444 0.5370370370370371 0.9444444444444444 0.5347222222222222 0.9421296296296297 0.5347222222222222 0.9398148148148148 0.5393518518518519 0.9375
0 0.5173611111111112 0.7280092592592593 0.006944444444444444 0.006944444444444444
0 0.5972222222222222 0.29398148148148145 0.6018518518518519 0.29398148148148145 0.6041666666666666 0.2962962962962963 0.5995370370370371 0.30324074074074076 0.5972222222222222 0.30092592592592593 0.5972222222222222 0.2962962962962963
0 0.7523148148148148 0.6828703703703703 0.7523148148148148 0.6898148148148148 0.75 0.6921296296296297 0.7430555555555556 0.6921296296296297 0.7407407407407407 0.6898148148148148 0.7407407407407407 0.6851851851851852 0.7453703703703703 0.6805555555555556 0.75 0.6828703703703703
0 0.5486111111111112 0.16666666666666666 0.5532407407407407 0.1597222222222222 0.5555555555555556 0.1597222222222222 0.5555555555555556 0.16666666666666666 0.5532407407407407 0.16898148148148148 0.5509259259259259 0.16666666666666666
0 0.34953703703703703 0.05787037037037037 0.35648148148148145 0.05787037037037037 0.3541666666666667 0.06712962962962964 0.34953703703703703 0.06481481481481481 0.34953703703703703 0.06018518518518518