0 0.9884259259259259 0.011574074074074073 0.9930555555555556 0.011574074074074073 0.9930555555555556 0.018518518518518517 0.9884259259259259 0.018518518518518517 0.9861111111111112 0.016203703703703703 0.9884259259259259 0.013888888888888888
0 0.9490740740740741 0.10185185185185185 0.9629629629629629 0.10185185185185185 0.9652777777777778 0.10648148148148148 0.9652777777777778 0.1111111111111111 0.9606481481481481 0.11574074074074074 0.9513888888888888 0.11574074074074074 0.9490740740740741 0.10416666666666667
0 0.9375 0.18981481481481483 0.9421296296296297 0.19212962962962962 0.9444444444444444 0.19675925925925927 0.9398148148148148 0.2013888888888889 0.9351851851851852 0.2013888888888889 0.9328703703703703 0.19907407407407407 0.9328703703703703 0.19212962962962962 0.9351851851851852 0.19212962962962962
0 0.6458333333333334 0.05092592592592592 0.6481481481481481 0.05555555555555555 0.6435185185185185 0.05787037037037037 0.6388888888888888 0.05787037037037037 0.6342592592592593 0.05324074074074074 0.6388888888888888 0.04861111111111111 0.6435185185185185 0.05092592592592592
0 0.9814814814814815 0.17592592592592593 0.9861111111111112 0.1736111111111111 0.9907407407407407 0.17592592592592593 0.9907407407407407 0.18055555555555555 0.9861111111111112 0.18287037037037038 0.9814814814814815 0.18055555555555555 0.9814814814814815 0.17824074074074073
0 0.16898148148148148 0.19444444444444445 0.17592592592592593 0.19444444444444445 0.17592592592592593 0.19907407407407407 0.1736111111111111 0.2013888888888889 0.1712962962962963 0.2013888888888889 0.16898148148148148 0.19675925925925927
0 0.7129629629629629 0.16898148148148148 0.7245370370370371 0.16898148148148148 0.7222222222222222 0.1736111111111111 0.7152777777777778 0.1736111111111111 0.7129629629629629 0.1712962962962963
0 0.4675925925925926 0.10185185185185185 0.47453703703703703 0.10185185185185185 0.47685185185185186 0.10648148148148148 0.47453703703703703 0.1111111111111111 0.4675925925925926 0.1111111111111111 0.4652777777777778 0.10648148148148148 0.4675925925925926 0.10416666666666667
0 0.9618055555555556 0.1099537037037037 0.011574074074074073 0.011574074074074073
0 0.7048611111111112 0.05787037037037037 0.011574074074074073 0.009259259259259259
0 0.25462962962962965 0.21296296296296297 0.26157407407407407 0.21296296296296297 0.26157407407407407 0.2175925925925926 0.25925925925925924 0.2199074074074074 0.2569444444444444 0.2199074074074074 0.25462962962962965 0.2152777777777778
0 0.8333333333333334 0.03009259259259259 0.8402777777777778 0.03009259259259259 0.8425925925925926 0.032407407407407406 0.8379629629629629 0.037037037037037035 0.8356481481481481 0.037037037037037035 0.8333333333333334 0.032407407407407406