0 0.8587962962962963 0.13657407407407407 0.8587962962962963 0.13194444444444445 0.8634259259259259 0.12731481481481483 0.8680555555555556 0.12962962962962962 0.8680555555555556 0.13425925925925927 0.8657407407407407 0.13657407407407407 0.8611111111111112 0.13657407407407407
0 0.38425925925925924 0.7129629629629629 0.38425925925925924 0.7199074074074074 0.37962962962962965 0.7199074074074074 0.3773148148148148 0.7175925925925926 0.3773148148148148 0.7152777777777778 0.3819444444444444 0.7129629629629629
0 0.6064814814814815 0.9444444444444444 0.6111111111111112 0.9513888888888888 0.6087962962962963 0.9537037037037037 0.6041666666666666 0.9537037037037037 0.6018518518518519 0.9490740740740741 0.6041666666666666 0.9467592592592593
0 0.12268518518518519 0.25925925925925924 0.12731481481481483 0.2638888888888889 0.12731481481481483 0.26851851851851855 0.12268518518518519 0.27314814814814814 0.11574074074074074 0.26851851851851855 0.11574074074074074 0.26157407407407407 0.12037037037037036 0.25925925925925924
0 0.8576388888888888 0.11921296296296297 0.011574074074074073 0.011574074074074073
0 0.3888888888888889 0.5578703703703703 0.39814814814814814 0.5578703703703703 0.39814814814814814 0.5625 0.3958333333333333 0.5648148148148148 0.3888888888888889 0.5648148148148148 0.3888888888888889 0.5601851851851852
0 0.16203703703703703 0.6643518518518519 0.16898148148148148 0.6643518518518519 0.1712962962962963 0.6666666666666666 0.16898148148148148 0.6712962962962963 0.16203703703703703 0.6712962962962963 0.16203703703703703 0.6666666666666666
0 0.7986111111111112 0.8495370370370371 0.8032407407407407 0.8541666666666666 0.8032407407407407 0.8587962962962963 0.7962962962962963 0.8657407407407407 0.7893518518518519 0.8657407407407407 0.7824074074074074 0.8611111111111112 0.7824074074074074 0.8541666666666666 0.7870370370370371 0.8495370370370371 0.7916666666666666 0.8472222222222222 0.7962962962962963 0.8495370370370371
0 0.020833333333333332 0.13194444444444445 0.013888888888888888 0.013888888888888888
0 0.9409722222222222 0.7546296296296297 0.011574074074074073 0.009259259259259259
0 0.28935185185185186 0.46064814814814814 0.29398148148148145 0.46296296296296297 0.29398148148148145 0.4675925925925926 0.2916666666666667 0.4699074074074074 0.28935185185185186 0.4699074074074074 0.28935185185185186 0.46296296296296297
0 0.3125 0.38425925925925924 0.009259259259259259 0.009259259259259259
0 0.2986111111111111 0.6435185185185185 0.3055555555555556 0.6481481481481481 0.3055555555555556 0.6550925925925926 0.30092592592592593 0.6620370370370371 0.28935185185185186 0.6620370370370371 0.2847222222222222 0.6550925925925926 0.2847222222222222 0.6481481481481481 0.28935185185185186 0.6435185185185185 0.2962962962962963 0.6435185185185185
0 0.7893518518518519 0.7476851851851852 0.7893518518518519 0.7546296296296297 0.7824074074074074 0.7546296296296297 0.7824074074074074 0.75 0.7870370370370371 0.7476851851851852
0 0.12384259259259259 0.3263888888888889 0.006944444444444444 0.009259259259259259
0 0.26851851851851855 0.7384259259259259 0.009259259259259259 0.009259259259259259
0 0.8310185185185185 0.9756944444444444 0.009259259259259259 0.011574074074074073
0 0.09259259259259259 0.7453703703703703 0.09953703703703703 0.7453703703703703 0.10185185185185185 0.7476851851851852 0.10185185185185185 0.7523148148148148 0.09953703703703703 0.7546296296296297 0.09259259259259259 0.7546296296296297 0.09259259259259259 0.7476851851851852
0 0.6608796296296297 0.7488425925925926 0.011574074074074073 0.011574074074074073
0 0.6967592592592593 0.8449074074074074 0.6990740740740741 0.8472222222222222 0.6990740740740741 0.8518518518518519 0.6967592592592593 0.8541666666666666 0.6921296296296297 0.8541666666666666 0.6898148148148148 0.8518518518518519 0.6898148148148148 0.8472222222222222 0.6944444444444444 0.8449074074074074
0 0.7037037037037037 0.2013888888888889 0.7060185185185185 0.2037037037037037 0.7013888888888888 0.20833333333333334 0.6944444444444444 0.20833333333333334 0.6944444444444444 0.2013888888888889 0.6967592592592593 0.19907407407407407 0.7013888888888888 0.2013888888888889
0 0.12037037037037036 0.9004629629629629 0.125 0.9004629629629629 0.12731481481481483 0.9027777777777778 0.12731481481481483 0.9074074074074074 0.125 0.9097222222222222 0.12037037037037036 0.9097222222222222 0.11805555555555555 0.9050925925925926 0.12037037037037036 0.9027777777777778
0 0.6805555555555556 0.4930555555555556 0.6851851851851852 0.49537037037037035 0.6851851851851852 0.5 0.6805555555555556 0.5046296296296297 0.6759259259259259 0.5046296296296297 0.6712962962962963 0.5 0.6712962962962963 0.4976851851851852 0.6782407407407407 0.4930555555555556
0 0.6203703703703703 0.9768518518518519 0.625 0.9768518518518519 0.6296296296296297 0.9814814814814815 0.6273148148148148 0.9861111111111112 0.6226851851851852 0.9861111111111112 0.6203703703703703 0.9837962962962963 0.6203703703703703 0.9791666666666666
0 0.7476851851851852 0.0625 0.7615740740740741 0.0625 0.7638888888888888 0.06481481481481481 0.7638888888888888 0.07175925925925926 0.7546296296296297 0.07175925925925926 0.7476851851851852 0.06481481481481481
0 0.26851851851851855 0.7939814814814815 0.27314814814814814 0.7939814814814815 0.27546296296296297 0.7986111111111112 0.27314814814814814 0.8032407407407407 0.26851851851851855 0.7962962962962963