0 0.41898148148148145 0.8587962962962963 0.4236111111111111 0.8611111111111112 0.4236111111111111 0.8657407407407407 0.4166666666666667 0.8657407407407407 0.41435185185185186 0.8634259259259259 0.4166666666666667 0.8611111111111112
0 0.059027777777777776 0.3761574074074074 0.011574074074074073 0.011574074074074073
0 0.37962962962962965 0.6064814814814815 0.37962962962962965 0.6180555555555556 0.3773148148148148 0.6203703703703703 0.37037037037037035 0.6203703703703703 0.36574074074074076 0.6134259259259259 0.37037037037037035 0.6064814814814815 0.3773148148148148 0.6064814814814815
0 0.8680555555555556 0.8518518518518519 0.875 0.8518518518518519 0.8773148148148148 0.8541666666666666 0.8773148148148148 0.8611111111111112 0.8680555555555556 0.8611111111111112 0.8657407407407407 0.8564814814814815 0.8680555555555556 0.8541666666666666
0 0.4699074074074074 0.06712962962962964 0.4699074074074074 0.0625 0.4722222222222222 0.06018518518518518 0.4791666666666667 0.06018518518518518 0.4791666666666667 0.06712962962962964 0.4722222222222222 0.06712962962962964
0 0.7893518518518519 0.041666666666666664 0.7916666666666666 0.04398148148148148 0.7893518518518519 0.04861111111111111 0.7847222222222222 0.04861111111111111 0.7824074074074074 0.046296296296296294 0.7824074074074074 0.04398148148148148 0.7870370370370371 0.041666666666666664
0 0.13194444444444445 0.09490740740740741 0.1412037037037037 0.09490740740740741 0.1412037037037037 0.09953703703703703 0.13657407407407407 0.10416666666666667 0.13425925925925927 0.10416666666666667 0.13194444444444445 0.09722222222222222
0 0.02546296296296296 0.14814814814814814 0.03009259259259259 0.1412037037037037 0.032407407407407406 0.1412037037037037 0.037037037037037035 0.14814814814814814 0.032407407407407406 0.15046296296296297 0.027777777777777776 0.14814814814814814
0 0.8946759259259259 0.7546296296296297 0.011574074074074073 0.009259259259259259
0 0.2800925925925926 0.5567129629629629 0.013888888888888888 0.011574074074074073
0 0.8333333333333334 0.8518518518518519 0.8379629629629629 0.8518518518518519 0.8402777777777778 0.8564814814814815 0.8379629629629629 0.8587962962962963 0.8333333333333334 0.8587962962962963 0.8310185185185185 0.8564814814814815 0.8333333333333334 0.8541666666666666
0 0.7592592592592593 0.4988425925925926 0.013888888888888888 0.011574074074074073
0 0.1909722222222222 0.46875 0.016203703703703703 0.011574074074074073
0 0.39814814814814814 0.04861111111111111 0.4027777777777778 0.05092592592592592 0.4050925925925926 0.05555555555555555 0.4050925925925926 0.06712962962962964 0.40046296296296297 0.07175925925925926 0.3912037037037037 0.07175925925925926 0.38425925925925924 0.06481481481481481 0.38657407407407407 0.05324074074074074 0.3888888888888889 0.05092592592592592 0.3958333333333333 0.05092592592592592
0 0.7916666666666666 0.7731481481481481 0.7916666666666666 0.7800925925925926 0.7847222222222222 0.7800925925925926 0.7847222222222222 0.7754629629629629 0.7893518518518519 0.7731481481481481