0 0.7129629629629629 0.38657407407407407 0.7129629629629629 0.3819444444444444 0.7152777777777778 0.37962962962962965 0.7199074074074074 0.3819444444444444 0.7199074074074074 0.38657407407407407 0.7175925925925926 0.3888888888888889 0.7152777777777778 0.38657407407407407
0 0.07407407407407407 0.08796296296296297 0.08101851851851852 0.08796296296296297 0.08101851851851852 0.09722222222222222 0.0787037037037037 0.09953703703703703 0.07175925925925926 0.09490740740740741 0.07407407407407407 0.09027777777777778
0 0.8287037037037037 0.27546296296296297 0.8356481481481481 0.27546296296296297 0.8379629629629629 0.2800925925925926 0.8379629629629629 0.2847222222222222 0.8356481481481481 0.28703703703703703 0.8310185185185185 0.28703703703703703 0.8263888888888888 0.2824074074074074 0.8287037037037037 0.2777777777777778
0 0.13078703703703703 0.625 0.006944444444444444 0.009259259259259259
0 0.41203703703703703 0.5763888888888888 0.41898148148148145 0.5763888888888888 0.41898148148148145 0.5833333333333334 0.41435185185185186 0.5833333333333334 0.41203703703703703 0.5787037037037037
0 0.8715277777777778 0.6736111111111112 0.006944444444444444 0.009259259259259259
0 0.041666666666666664 0.8819444444444444 0.046296296296296294 0.8819444444444444 0.04861111111111111 0.8842592592592593 0.046296296296296294 0.8888888888888888 0.041666666666666664 0.8888888888888888 0.041666666666666664 0.8842592592592593
0 0.25 0.1388888888888889 0.25462962962962965 0.1388888888888889 0.2569444444444444 0.1412037037037037 0.25462962962962965 0.14583333333333334 0.25 0.14583333333333334 0.25 0.1412037037037037
0 0.02546296296296296 0.032407407407407406 0.032407407407407406 0.032407407407407406 0.032407407407407406 0.03935185185185185 0.02546296296296296 0.03935185185185185 0.02546296296296296 0.034722222222222224
0 0.9710648148148148 0.7071759259259259 0.006944444444444444 0.011574074074074073
0 0.6203703703703703 0.8379629629629629 0.6203703703703703 0.8449074074074074 0.6157407407407407 0.8449074074074074 0.6134259259259259 0.8425925925925926 0.6134259259259259 0.8402777777777778 0.6180555555555556 0.8379629629629629
0 0.2673611111111111 0.8043981481481481 0.006944444444444444 0.006944444444444444
0 0.27314814814814814 0.6979166666666666 0.004629629629629629 0.006944444444444444
0 0.7870370370370371 0.46064814814814814 0.7870370370370371 0.4537037037037037 0.7893518518518519 0.4513888888888889 0.7939814814814815 0.4537037037037037 0.7939814814814815 0.46064814814814814 0.7893518518518519 0.46064814814814814
0 0.6354166666666666 0.7453703703703703 0.006944444444444444 0.009259259259259259
0 0.41898148148148145 0.30092592592592593 0.42592592592592593 0.30092592592592593 0.42592592592592593 0.30787037037037035 0.4212962962962963 0.30787037037037035 0.41898148148148145 0.30324074074074076
0 0.6759259259259259 0.5648148148148148 0.6805555555555556 0.5625 0.6851851851851852 0.5648148148148148 0.6851851851851852 0.5740740740740741 0.6828703703703703 0.5763888888888888 0.6759259259259259 0.5717592592592593 0.6759259259259259 0.5671296296296297
0 0.7025462962962963 0.9097222222222222 0.006944444444444444 0.009259259259259259
0 0.8518518518518519 0.22685185185185186 0.013888888888888888 0.013888888888888888