0 0.6493055555555556 0.5104166666666666 0.006944444444444444 0.006944444444444444
0 0.84375 0.0775462962962963 0.006944444444444444 0.006944444444444444
0 0.41203703703703703 0.6597222222222222 0.41203703703703703 0.6666666666666666 0.4050925925925926 0.6666666666666666 0.4050925925925926 0.6620370370370371 0.4097222222222222 0.6597222222222222
0 0.20023148148148148 0.16666666666666666 0.006944444444444444 0.009259259259259259
0 0.29398148148148145 0.875 0.30092592592592593 0.875 0.30092592592592593 0.8796296296296297 0.2986111111111111 0.8819444444444444 0.2962962962962963 0.8819444444444444 0.29398148148148145 0.8773148148148148
0 0.5833333333333334 0.8240740740740741 0.5925925925925926 0.8240740740740741 0.5925925925925926 0.8310185185185185 0.5833333333333334 0.8310185185185185 0.5833333333333334 0.8263888888888888
0 0.16782407407407407 0.7094907407407407 0.006944444444444444 0.006944444444444444
0 0.4652777777777778 0.020833333333333332 0.47453703703703703 0.020833333333333332 0.47453703703703703 0.03009259259259259 0.4675925925925926 0.03009259259259259 0.4652777777777778 0.023148148148148147
0 0.16550925925925927 0.4236111111111111 0.016203703703703703 0.013888888888888888
0 0.2326388888888889 0.6678240740740741 0.006944444444444444 0.006944444444444444
0 0.1550925925925926 0.5 0.009259259259259259 0.009259259259259259
0 0.12037037037037036 0.5787037037037037 0.11805555555555555 0.5717592592592593 0.125 0.5671296296296297 0.12731481481481483 0.5671296296296297 0.13194444444444445 0.5740740740740741 0.12962962962962962 0.5787037037037037 0.12268518518518519 0.5787037037037037
0 0.0787037037037037 0.18287037037037038 0.08564814814814815 0.18287037037037038 0.08796296296296297 0.18518518518518517 0.08564814814814815 0.18981481481481483 0.0787037037037037 0.18518518518518517
0 0.5995370370370371 0.9143518518518519 0.009259259259259259 0.009259259259259259
0 0.8078703703703703 0.6666666666666666 0.8125 0.6666666666666666 0.8148148148148148 0.6689814814814815 0.8125 0.6736111111111112 0.8078703703703703 0.6736111111111112 0.8078703703703703 0.6689814814814815