0 0.6851851851851852 0.2662037037037037 0.6851851851851852 0.25925925925925924 0.6875 0.2569444444444444 0.6921296296296297 0.25925925925925924 0.6921296296296297 0.2662037037037037 0.6875 0.2662037037037037
0 0.06944444444444445 0.24074074074074073 0.0763888888888889 0.23842592592592593 0.08101851851851852 0.24305555555555555 0.08101851851851852 0.25 0.0787037037037037 0.2523148148148148 0.07407407407407407 0.2523148148148148 0.06944444444444445 0.24768518518518517 0.06944444444444445 0.24305555555555555
0 0.5069444444444444 0.30324074074074076 0.5069444444444444 0.2962962962962963 0.5092592592592593 0.29398148148148145 0.5162037037037037 0.29398148148148145 0.5162037037037037 0.2986111111111111 0.5092592592592593 0.30324074074074076
0 0.032407407407407406 0.6875 0.037037037037037035 0.6875 0.041666666666666664 0.6921296296296297 0.041666666666666664 0.6967592592592593 0.03935185185185185 0.6990740740740741 0.032407407407407406 0.6990740740740741 0.03009259259259259 0.6944444444444444 0.032407407407407406 0.6898148148148148
0 0.7314814814814815 0.8564814814814815 0.7430555555555556 0.8564814814814815 0.7453703703703703 0.8611111111111112 0.7430555555555556 0.8634259259259259 0.7430555555555556 0.8680555555555556 0.7384259259259259 0.8703703703703703 0.7314814814814815 0.8657407407407407 0.7314814814814815 0.8587962962962963
0 0.21064814814814814 0.2465277777777778 0.004629629629629629 0.006944444444444444
0 0.9606481481481481 0.4444444444444444 0.9675925925925926 0.4444444444444444 0.9675925925925926 0.44907407407407407 0.9606481481481481 0.44907407407407407 0.9606481481481481 0.44675925925925924
0 0.5995370370370371 0.7071759259259259 0.009259259259259259 0.006944444444444444
0 0.47685185185185186 0.3958333333333333 0.47453703703703703 0.4027777777777778 0.4699074074074074 0.4027777777777778 0.4675925925925926 0.40046296296296297 0.4675925925925926 0.3958333333333333 0.4699074074074074 0.39351851851851855 0.47453703703703703 0.3958333333333333
0 0.06481481481481481 0.7060185185185185 0.009259259259259259 0.009259259259259259
0 0.31828703703703703 0.5694444444444444 0.006944444444444444 0.009259259259259259
0 0.5902777777777778 0.5879629629629629 0.5995370370370371 0.5879629629629629 0.5995370370370371 0.5925925925925926 0.5925925925925926 0.5925925925925926 0.5902777777777778 0.5902777777777778
0 0.5902777777777778 0.14814814814814814 0.5925925925925926 0.14583333333333334 0.5995370370370371 0.14583333333333334 0.6018518518518519 0.14814814814814814 0.5972222222222222 0.1550925925925926 0.5949074074074074 0.1550925925925926 0.5925925925925926 0.15046296296296297
0 0.7094907407407407 0.5775462962962963 0.006944444444444444 0.006944444444444444
0 0.9444444444444444 0.22916666666666666 0.9467592592592593 0.23148148148148148 0.9467592592592593 0.2361111111111111 0.9398148148148148 0.2361111111111111 0.9375 0.2337962962962963 0.9375 0.23148148148148148 0.9421296296296297 0.22916666666666666
0 0.3472222222222222 0.3958333333333333 0.3449074074074074 0.4027777777777778 0.3402777777777778 0.4027777777777778 0.33796296296296297 0.40046296296296297 0.33796296296296297 0.3958333333333333 0.3402777777777778 0.39351851851851855 0.3449074074074074 0.3958333333333333