0 0.1875 0.09606481481481481 0.004629629629629629 0.006944444444444444
0 0.37037037037037035 0.7280092592592593 0.009259259259259259 0.006944444444444444
0 0.11805555555555555 0.25925925925925924 0.004629629629629629 0.009259259259259259
0 0.4479166666666667 0.2881944444444444 0.006944444444444444 0.006944444444444444
0 0.9398148148148148 0.9444444444444444 0.9467592592592593 0.9444444444444444 0.9467592592592593 0.9513888888888888 0.9398148148148148 0.9513888888888888 0.9398148148148148 0.9467592592592593
0 0.11921296296296297 0.5127314814814815 0.006944444444444444 0.006944444444444444
0 0.09490740740740741 0.6967592592592593 0.09953703703703703 0.6967592592592593 0.10185185185185185 0.6990740740740741 0.09953703703703703 0.7037037037037037 0.09490740740740741 0.7037037037037037 0.09490740740740741 0.6990740740740741
0 0.35185185185185186 0.6388888888888888 0.009259259259259259 0.009259259259259259
0 0.24537037037037038 0.45717592592592593 0.009259259259259259 0.011574074074074073
0 0.5868055555555556 0.33449074074074076 0.006944444444444444 0.006944444444444444
0 0.2361111111111111 0.1284722222222222 0.009259259259259259 0.006944444444444444
0 0.059027777777777776 0.22106481481481483 0.006944444444444444 0.006944444444444444
0 0.8680555555555556 0.7303240740740741 0.009259259259259259 0.011574074074074073
0 0.5729166666666666 0.5590277777777778 0.006944444444444444 0.006944444444444444
0 0.6493055555555556 0.6099537037037037 0.006944444444444444 0.006944444444444444
0 0.05439814814814815 0.7974537037037037 0.006944444444444444 0.006944444444444444
0 0.2962962962962963 0.3287037037037037 0.009259259259259259 0.009259259259259259
0 0.47800925925925924 0.34953703703703703 0.006944444444444444 0.009259259259259259
0 0.1388888888888889 0.8888888888888888 0.14351851851851852 0.8888888888888888 0.14583333333333334 0.8912037037037037 0.14583333333333334 0.8958333333333334 0.14351851851851852 0.8981481481481481 0.1388888888888889 0.8981481481481481 0.1388888888888889 0.8912037037037037
0 0.28703703703703703 0.11458333333333333 0.004629629629629629 0.006944444444444444
0 0.5995370370370371 0.4375 0.009259259259259259 0.009259259259259259
0 0.6782407407407407 0.31712962962962965 0.009259259259259259 0.009259259259259259
0 0.4236111111111111 0.0787037037037037 0.009259259259259259 0.009259259259259259
0 0.6921296296296297 0.6504629629629629 0.6990740740740741 0.6504629629629629 0.6990740740740741 0.6550925925925926 0.6921296296296297 0.6550925925925926 0.6921296296296297 0.6527777777777778
0 0.2604166666666667 0.08217592592592593 0.006944444444444444 0.006944444444444444
0 0.4756944444444444 0.13194444444444445 0.011574074074074073 0.009259259259259259
0 0.14351851851851852 0.9236111111111112 0.14351851851851852 0.9189814814814815 0.14583333333333334 0.9166666666666666 0.15046296296296297 0.9189814814814815 0.15046296296296297 0.9236111111111112 0.14583333333333334 0.9236111111111112
0 0.7754629629629629 0.35185185185185186 0.7847222222222222 0.35185185185185186 0.7847222222222222 0.35648148148148145 0.7824074074074074 0.3587962962962963 0.7777777777777778 0.3587962962962963 0.7754629629629629 0.3541666666666667
0 0.22453703703703703 0.9513888888888888 0.22916666666666666 0.9537037037037037 0.22916666666666666 0.9583333333333334 0.22453703703703703 0.9606481481481481 0.2222222222222222 0.9583333333333334 0.2222222222222222 0.9537037037037037