0 0.8703703703703703 0.02546296296296296 0.8773148148148148 0.02546296296296296 0.8796296296296297 0.027777777777777776 0.8796296296296297 0.032407407407407406 0.8773148148148148 0.034722222222222224 0.8726851851851852 0.032407407407407406 0.8703703703703703 0.027777777777777776
0 0.7824074074074074 0.7662037037037037 0.7870370370370371 0.7754629629629629 0.7824074074074074 0.7777777777777778 0.7777777777777778 0.7754629629629629 0.7777777777777778 0.7708333333333334 0.7800925925925926 0.7685185185185185
0 0.6319444444444444 0.4930555555555556 0.6388888888888888 0.49074074074074076 0.6435185185185185 0.49537037037037035 0.6412037037037037 0.5023148148148148 0.6319444444444444 0.5023148148148148 0.6319444444444444 0.49537037037037035
0 0.8217592592592593 0.9004629629629629 0.8287037037037037 0.9004629629629629 0.8310185185185185 0.9027777777777778 0.8310185185185185 0.9097222222222222 0.8287037037037037 0.9120370370370371 0.8240740740740741 0.9120370370370371 0.8217592592592593 0.9097222222222222 0.8194444444444444 0.9050925925925926 0.8217592592592593 0.9027777777777778
0 0.052083333333333336 0.6400462962962963 0.006944444444444444 0.006944444444444444
0 0.3090277777777778 0.2013888888888889 0.006944444444444444 0.009259259259259259
0 0.032407407407407406 0.41435185185185186 0.009259259259259259 0.009259259259259259
0 0.40046296296296297 0.7337962962962963 0.4050925925925926 0.7361111111111112 0.4050925925925926 0.7430555555555556 0.40046296296296297 0.7453703703703703 0.3958333333333333 0.7453703703703703 0.39351851851851855 0.7430555555555556 0.39351851851851855 0.7361111111111112 0.39814814814814814 0.7337962962962963
0 0.23148148148148148 0.7638888888888888 0.23842592592592593 0.7638888888888888 0.24074074074074073 0.7662037037037037 0.24074074074074073 0.7708333333333334 0.23842592592592593 0.7731481481481481 0.2337962962962963 0.7731481481481481 0.23148148148148148 0.7708333333333334 0.23148148148148148 0.7662037037037037
0 0.3194444444444444 0.2986111111111111 0.32407407407407407 0.30092592592592593 0.32407407407407407 0.30324074074074076 0.32175925925925924 0.3055555555555556 0.31712962962962965 0.3055555555555556 0.3148148148148148 0.30324074074074076 0.3148148148148148 0.30092592592592593 0.31712962962962965 0.30092592592592593
0 0.4212962962962963 0.4409722222222222 0.009259259259259259 0.006944444444444444
0 0.6504629629629629 0.6550925925925926 0.013888888888888888 0.018518518518518517
0 0.9699074074074074 0.9421296296296297 0.009259259259259259 0.009259259259259259
0 0.47337962962962965 0.7222222222222222 0.006944444444444444 0.009259259259259259
0 0.8055555555555556 0.125 0.8148148148148148 0.13194444444444445 0.8125 0.1412037037037037 0.8101851851851852 0.14351851851851852 0.8032407407407407 0.14351851851851852 0.7962962962962963 0.13657407407407407 0.7962962962962963 0.13194444444444445 0.8032407407407407 0.12731481481481483
0 0.9930555555555556 0.9375 0.9976851851851852 0.9398148148148148 0.9976851851851852 0.9444444444444444 0.9953703703703703 0.9467592592592593 0.9907407407407407 0.9444444444444444 0.9930555555555556 0.9398148148148148
0 0.9548611111111112 0.24189814814814814 0.006944444444444444 0.006944444444444444
0 0.5127314814814815 0.5925925925925926 0.006944444444444444 0.009259259259259259
0 0.5416666666666666 0.8553240740740741 0.004629629629629629 0.006944444444444444
0 0.5462962962962963 0.7893518518518519 0.5509259259259259 0.7870370370370371 0.5555555555555556 0.7893518518518519 0.5555555555555556 0.7939814814814815 0.5509259259259259 0.7962962962962963 0.5462962962962963 0.7916666666666666
0 0.16550925925925927 0.14930555555555555 0.006944444444444444 0.006944444444444444
0 0.6504629629629629 0.9120370370370371 0.013888888888888888 0.013888888888888888
0 0.6354166666666666 0.3159722222222222 0.006944444444444444 0.006944444444444444
0 0.84375 0.22685185185185186 0.006944444444444444 0.009259259259259259
0 0.8159722222222222 0.3402777777777778 0.006944444444444444 0.009259259259259259
0 0.3402777777777778 0.6041666666666666 0.009259259259259259 0.009259259259259259
0 0.47685185185185186 0.14814814814814814 0.48148148148148145 0.15046296296296297 0.48148148148148145 0.1550925925925926 0.47453703703703703 0.1550925925925926 0.47453703703703703 0.15046296296296297