0 0.3449074074074074 0.9247685185185185 0.009259259259259259 0.006944444444444444
0 0.7592592592592593 0.5810185185185185 0.7638888888888888 0.5879629629629629 0.7615740740740741 0.5902777777777778 0.7569444444444444 0.5902777777777778 0.7569444444444444 0.5833333333333334
0 0.8495370370370371 0.2824074074074074 0.8541666666666666 0.2824074074074074 0.8541666666666666 0.28935185185185186 0.8518518518518519 0.2916666666666667 0.8472222222222222 0.28703703703703703 0.8495370370370371 0.2847222222222222
0 0.037037037037037035 0.32407407407407407 0.037037037037037035 0.3287037037037037 0.032407407407407406 0.33101851851851855 0.027777777777777776 0.3287037037037037 0.027777777777777776 0.32407407407407407 0.03009259259259259 0.32175925925925924 0.034722222222222224 0.32407407407407407
0 0.05092592592592592 0.7361111111111112 0.04861111111111111 0.7337962962962963 0.04861111111111111 0.7291666666666666 0.05324074074074074 0.7268518518518519 0.05555555555555555 0.7291666666666666 0.05555555555555555 0.7337962962962963 0.05324074074074074 0.7337962962962963
0 0.4675925925925926 0.4398148148148148 0.009259259259259259 0.009259259259259259
0 0.5231481481481481 0.4166666666666667 0.5208333333333334 0.41435185185185186 0.5208333333333334 0.4097222222222222 0.5254629629629629 0.4074074074074074 0.5277777777777778 0.4097222222222222 0.5277777777777778 0.41435185185185186 0.5254629629629629 0.41435185185185186
0 0.03935185185185185 0.8333333333333334 0.041666666666666664 0.8356481481481481 0.03935185185185185 0.8425925925925926 0.032407407407407406 0.8425925925925926 0.032407407407407406 0.8356481481481481 0.037037037037037035 0.8333333333333334
0 0.41782407407407407 0.4895833333333333 0.011574074074074073 0.016203703703703703
0 0.15393518518518517 0.18055555555555555 0.006944444444444444 0.009259259259259259
0 0.375 0.6828703703703703 0.3819444444444444 0.6828703703703703 0.38425925925925924 0.6851851851851852 0.3819444444444444 0.6898148148148148 0.3773148148148148 0.6898148148148148 0.375 0.6851851851851852
0 0.5763888888888888 0.016203703703703703 0.5810185185185185 0.016203703703703703 0.5833333333333334 0.018518518518518517 0.5833333333333334 0.023148148148148147 0.5810185185185185 0.02546296296296296 0.5763888888888888 0.02546296296296296 0.5763888888888888 0.018518518518518517
0 0.3287037037037037 0.8912037037037037 0.33564814814814814 0.8912037037037037 0.33564814814814814 0.8981481481481481 0.3287037037037037 0.8981481481481481 0.3287037037037037 0.8935185185185185
0 0.4236111111111111 0.018518518518518517 0.009259259259259259 0.009259259259259259
0 0.6064814814814815 0.0763888888888889 0.6134259259259259 0.0763888888888889 0.6134259259259259 0.08101851851851852 0.6111111111111112 0.08333333333333333 0.6087962962962963 0.08333333333333333 0.6064814814814815 0.0787037037037037
0 0.6898148148148148 0 0.7013888888888888 0 0.6990740740740741 0.009259259259259259 0.6921296296296297 0.009259259259259259 0.6898148148148148 0.006944444444444444 0.6898148148148148 0.0023148148148148147
0 0.26851851851851855 0.9074074074074074 0.27314814814814814 0.9074074074074074 0.27546296296296297 0.9097222222222222 0.27314814814814814 0.9143518518518519 0.26851851851851855 0.9143518518518519 0.26851851851851855 0.9097222222222222