0 0.16550925925925927 0.7685185185185185 0.006944444444444444 0.009259259259259259
0 0.2847222222222222 0.8703703703703703 0.28703703703703703 0.8796296296296297 0.2824074074074074 0.8819444444444444 0.2800925925925926 0.8796296296296297 0.27546296296296297 0.8796296296296297 0.27546296296296297 0.875 0.2824074074074074 0.8703703703703703
0 0.02662037037037037 0.4675925925925926 0.006944444444444444 0.009259259259259259
0 0.9236111111111112 0.9629629629629629 0.9282407407407407 0.9652777777777778 0.9282407407407407 0.9699074074074074 0.9259259259259259 0.9722222222222222 0.9212962962962963 0.9699074074074074 0.9236111111111112 0.9652777777777778
0 0.032407407407407406 0.36342592592592593 0.037037037037037035 0.36342592592592593 0.03935185185185185 0.36574074074074076 0.03935185185185185 0.37037037037037035 0.032407407407407406 0.37037037037037035 0.032407407407407406 0.36574074074074076
0 0.9513888888888888 0.7939814814814815 0.009259259259259259 0.009259259259259259
0 0.19212962962962962 0.7824074074074074 0.2013888888888889 0.7824074074074074 0.2037037037037037 0.7870370370370371 0.2013888888888889 0.7916666666666666 0.19444444444444445 0.7916666666666666 0.19212962962962962 0.7893518518518519 0.19212962962962962 0.7847222222222222
0 0.2974537037037037 0.6585648148148148 0.006944444444444444 0.006944444444444444
0 0.10648148148148148 0.7106481481481481 0.009259259259259259 0.009259259259259259
0 0.6400462962962963 0.6793981481481481 0.006944444444444444 0.006944444444444444
0 0.19212962962962962 0.8125 0.19907407407407407 0.8125 0.19907407407407407 0.8171296296296297 0.19212962962962962 0.8171296296296297 0.19212962962962962 0.8148148148148148