0 0.45949074074074076 0.6018518518518519 0.006944444444444444 0.009259259259259259
0 0.21643518518518517 0.6180555555555556 0.006944444444444444 0.009259259259259259
0 0.08680555555555555 0.2638888888888889 0.006944444444444444 0.009259259259259259
0 0.9965277777777778 0.12962962962962962 0.006944444444444444 0.009259259259259259
0 0.8611111111111112 0.3888888888888889 0.8657407407407407 0.3912037037037037 0.8657407407407407 0.3958333333333333 0.8611111111111112 0.39814814814814814 0.8587962962962963 0.3958333333333333 0.8587962962962963 0.3912037037037037
0 0.7546296296296297 0.24537037037037038 0.009259259259259259 0.009259259259259259
0 0.17939814814814814 0.7361111111111112 0.006944444444444444 0.009259259259259259
0 0.25925925925925924 0.02546296296296296 0.26157407407407407 0.03009259259259259 0.25925925925925924 0.037037037037037035 0.25 0.037037037037037035 0.24768518518518517 0.032407407407407406 0.24768518518518517 0.027777777777777776 0.25 0.02546296296296296 0.2569444444444444 0.02546296296296296
0 0.3449074074074074 0.7291666666666666 0.004629629629629629 0.004629629629629629
0 0.9074074074074074 0.6342592592592593 0.9143518518518519 0.6342592592592593 0.9120370370370371 0.6412037037037037 0.9074074074074074 0.6388888888888888 0.9074074074074074 0.6365740740740741
0 0.5405092592592593 0.4039351851851852 0.006944444444444444 0.006944444444444444
0 0.18981481481481483 0.14814814814814814 0.19212962962962962 0.15046296296296297 0.19212962962962962 0.1550925925925926 0.18518518518518517 0.1550925925925926 0.18287037037037038 0.1527777777777778 0.18287037037037038 0.15046296296296297 0.1875 0.14814814814814814
0 0.2951388888888889 0.10648148148148148 0.006944444444444444 0.009259259259259259
0 0.08796296296296297 0.4050925925925926 0.009259259259259259 0.009259259259259259
0 0.9363425925925926 0.5231481481481481 0.006944444444444444 0.009259259259259259
0 0.6041666666666666 0.9548611111111112 0.004629629629629629 0.006944444444444444
0 0.2465277777777778 0.7523148148148148 0.006944444444444444 0.009259259259259259
0 0.5358796296296297 0.3263888888888889 0.006944444444444444 0.009259259259259259
0 0.44212962962962965 0.5995370370370371 0.4398148148148148 0.5972222222222222 0.4398148148148148 0.5925925925925926 0.4444444444444444 0.5902777777777778 0.44675925925925924 0.5949074074074074 0.44675925925925924 0.5972222222222222 0.4444444444444444 0.5972222222222222
0 0.8807870370370371 0.4409722222222222 0.006944444444444444 0.006944444444444444
0 0.03587962962962963 0.41087962962962965 0.006944444444444444 0.006944444444444444
0 0.9490740740740741 0.6724537037037037 0.009259259259259259 0.006944444444444444
0 0.12962962962962962 0.6041666666666666 0.12962962962962962 0.5995370370370371 0.13194444444444445 0.5972222222222222 0.13657407407407407 0.5995370370370371 0.13657407407407407 0.6041666666666666 0.13194444444444445 0.6041666666666666
0 0.08912037037037036 0.9108796296296297 0.006944444444444444 0.006944444444444444
0 0.9641203703703703 0.4444444444444444 0.011574074074074073 0.013888888888888888
0 0.5914351851851852 0.011574074074074073 0.006944444444444444 0.009259259259259259
0 0.4965277777777778 0.4965277777777778 0.006944444444444444 0.006944444444444444
0 0.4479166666666667 0.8310185185185185 0.006944444444444444 0.009259259259259259
0 0.7106481481481481 0.22916666666666666 0.009259259259259259 0.009259259259259259
0 0.7824074074074074 0.8240740740740741 0.7824074074074074 0.8171296296296297 0.7847222222222222 0.8148148148148148 0.7893518518518519 0.8171296296296297 0.7893518518518519 0.8217592592592593 0.7847222222222222 0.8240740740740741
0 0.8784722222222222 0.3888888888888889 0.006944444444444444 0.009259259259259259
0 0.78125 0.5775462962962963 0.006944444444444444 0.006944444444444444
0 0.06481481481481481 0.46412037037037035 0.009259259259259259 0.006944444444444444
0 0.3125 0.11574074074074074 0.31712962962962965 0.11574074074074074 0.31712962962962965 0.12268518518518519 0.3125 0.12268518518518519 0.3125 0.11805555555555555
0 0.8344907407407407 0.6990740740740741 0.006944444444444444 0.009259259259259259