0 0.48726851851851855 0.3993055555555556 0.006944444444444444 0.006944444444444444
0 0.96875 0.09027777777777778 0.006944444444444444 0.009259259259259259
0 0.8622685185185185 0.30787037037037035 0.006944444444444444 0.009259259259259259
0 0.027777777777777776 0.25462962962962965 0.032407407407407406 0.25462962962962965 0.034722222222222224 0.2569444444444444 0.034722222222222224 0.26157407407407407 0.027777777777777776 0.26157407407407407 0.027777777777777776 0.2569444444444444
0 0.2511574074074074 0.07175925925925926 0.006944444444444444 0.009259259259259259
0 0.8310185185185185 0.5173611111111112 0.004629629629629629 0.006944444444444444
0 0.4652777777777778 0.6574074074074074 0.4699074074074074 0.6574074074074074 0.4699074074074074 0.6643518518518519 0.4652777777777778 0.6643518518518519 0.4652777777777778 0.6597222222222222
0 0.9965277777777778 0.10185185185185185 0.006944444444444444 0.009259259259259259
0 0.3472222222222222 0.47800925925925924 0.009259259259259259 0.006944444444444444
0 0.7129629629629629 0.35185185185185186 0.7175925925925926 0.3541666666666667 0.7175925925925926 0.3611111111111111 0.7129629629629629 0.3611111111111111 0.7129629629629629 0.3541666666666667
0 0.1400462962962963 0.3090277777777778 0.006944444444444444 0.006944444444444444
0 0.6863425925925926 0.7650462962962963 0.006944444444444444 0.006944444444444444
0 0.49074074074074076 0.4363425925925926 0.004629629629629629 0.006944444444444444
0 0.1261574074074074 0.05787037037037037 0.006944444444444444 0.009259259259259259
0 0.7060185185185185 0.2013888888888889 0.7106481481481481 0.20601851851851852 0.7106481481481481 0.21064814814814814 0.7060185185185185 0.21296296296296297 0.6990740740740741 0.20833333333333334 0.6990740740740741 0.2037037037037037 0.7037037037037037 0.2013888888888889
0 0.8356481481481481 0.44328703703703703 0.004629629629629629 0.006944444444444444