0 0.9456018518518519 0.1423611111111111 0.006944444444444444 0.006944444444444444
0 0.8368055555555556 0.12962962962962962 0.006944444444444444 0.009259259259259259
0 0 0.06944444444444445 0.006944444444444444 0.06944444444444445 0.006944444444444444 0.07407407407407407 0 0.0787037037037037 0 0.07175925925925926
0 0.5173611111111112 0.35532407407407407 0.006944444444444444 0.006944444444444444
0 0.15046296296296297 0.16666666666666666 0.009259259259259259 0.009259259259259259
0 0.5150462962962963 0.5069444444444444 0.006944444444444444 0.009259259259259259
0 0.7974537037037037 0.5208333333333334 0.006944444444444444 0.009259259259259259
0 0.052083333333333336 0.4583333333333333 0.006944444444444444 0.009259259259259259
0 0.7164351851851852 0.6493055555555556 0.006944444444444444 0.006944444444444444
0 0.5601851851851852 0.5520833333333334 0.004629629629629629 0.006944444444444444
0 0.5833333333333334 0.5625 0.5856481481481481 0.5671296296296297 0.5833333333333334 0.5717592592592593 0.5787037037037037 0.5717592592592593 0.5763888888888888 0.5694444444444444 0.5763888888888888 0.5648148148148148 0.5810185185185185 0.5625
0 0.7546296296296297 0.2337962962962963 0.7592592592592593 0.2337962962962963 0.7615740740740741 0.2361111111111111 0.7569444444444444 0.24305555555555555 0.7546296296296297 0.24305555555555555 0.7546296296296297 0.2361111111111111
0 0.8298611111111112 0.4479166666666667 0.006944444444444444 0.006944444444444444