0 0.06365740740740741 0.02546296296296296 0.006944444444444444 0.004629629629629629
0 0.2847222222222222 0.5636574074074074 0.009259259259259259 0.006944444444444444
0 0.05092592592592592 0.39699074074074076 0.009259259259259259 0.006944444444444444
0 0.32175925925925924 0.35648148148148145 0.32407407407407407 0.3587962962962963 0.32407407407407407 0.36342592592592593 0.31712962962962965 0.36342592592592593 0.3148148148148148 0.3611111111111111 0.3148148148148148 0.3587962962962963 0.3194444444444444 0.35648148148148145
0 0.028935185185185185 0.5613425925925926 0.006944444444444444 0.006944444444444444
0 0.24305555555555555 0.6469907407407407 0.009259259259259259 0.006944444444444444
0 0.2986111111111111 0.1712962962962963 0.2986111111111111 0.17592592592592593 0.30092592592592593 0.17824074074074073 0.2986111111111111 0.18055555555555555 0.28935185185185186 0.18055555555555555 0.28935185185185186 0.1712962962962963 0.2916666666666667 0.16898148148148148 0.2962962962962963 0.1712962962962963
0 0.10532407407407407 0.2777777777777778 0.006944444444444444 0.004629629629629629
0 0.14699074074074073 0.07523148148148148 0.006944444444444444 0.006944444444444444
0 0.02199074074074074 0.07175925925925926 0.006944444444444444 0.009259259259259259
0 0.12731481481481483 0.42592592592592593 0.12962962962962962 0.4236111111111111 0.13657407407407407 0.4236111111111111 0.13657407407407407 0.4305555555555556 0.12962962962962962 0.4305555555555556 0.12962962962962962 0.42824074074074076