0 0.6481481481481481 0.0798611111111111 0.004629629629629629 0.006944444444444444
0 0.7048611111111112 0.04976851851851852 0.006944444444444444 0.006944444444444444
0 0.09375 0.13310185185185186 0.006944444444444444 0.006944444444444444
0 0.5879629629629629 0.041666666666666664 0.004629629629629629 0.004629629629629629
0 0.7291666666666666 0.03356481481481482 0.004629629629629629 0.006944444444444444
0 0.5717592592592593 0.08796296296296297 0.5787037037037037 0.08796296296296297 0.5787037037037037 0.09259259259259259 0.5717592592592593 0.09259259259259259 0.5717592592592593 0.09027777777777778
0 0.3298611111111111 0.1087962962962963 0.006944444444444444 0.009259259259259259
0 0.24421296296296297 0.17592592592592593 0.006944444444444444 0.009259259259259259
0 0.7418981481481481 0.07291666666666667 0.006944444444444444 0.006944444444444444
0 0.0775462962962963 0.13310185185185186 0.006944444444444444 0.006944444444444444
0 0.46064814814814814 0.05324074074074074 0.4652777777777778 0.05324074074074074 0.4675925925925926 0.05555555555555555 0.4652777777777778 0.06018518518518518 0.46064814814814814 0.06018518518518518 0.46064814814814814 0.05555555555555555
0 0.6296296296296297 0.02199074074074074 0.004629629629629629 0.006944444444444444
0 0.7280092592592593 0.047453703703703706 0.006944444444444444 0.006944444444444444
0 0.8136574074074074 0.05324074074074074 0.006944444444444444 0.009259259259259259
1 0.5370370370370371 0.05092592592592592 0.5439814814814815 0.05092592592592592 0.5509259259259259 0.05555555555555555 0.5625 0.05787037037037037 0.5833333333333334 0.06712962962962964 0.5856481481481481 0.06944444444444445 0.5856481481481481 0.07175925925925926 0.5833333333333334 0.07175925925925926 0.5810185185185185 0.06944444444444445 0.5694444444444444 0.06712962962962964 0.5601851851851852 0.06018518518518518 0.5555555555555556 0.06018518518518518 0.5486111111111112 0.05555555555555555 0.5416666666666666 0.05555555555555555 0.5393518518518519 0.05324074074074074